0 0.509 0.27439 0.094 0.146341
0 0.74 0.478659 0.2 0.29878
1 0.191 0.506098 0.202 0.335366
1 0.05 0.228659 0.096 0.152439
1 0.25 0.227134 0.044 0.082317
1 0.287 0.310976 0.058 0.115854
1 0.882 0.157012 0.06 0.112805
1 0.968 0.094512 0.052 0.121951
1 0.808 0.128049 0.052 0.091463
1 0.776 0.106707 0.024 0.060976
1 0.726 0.099085 0.056 0.088415
1 0.636 0.152439 0.04 0.067073
1 0.604 0.280488 0.084 0.128049
1 0.562 0.11128 0.032 0.064024
1 0.536 0.121951 0.024 0.04878
1 0.499 0.121951 0.026 0.04878
1 0.603 0.141768 0.022 0.051829
1 0.212 0.198171 0.036 0.04878
1 0.333 0.170732 0.046 0.085366
1 0.436 0.152439 0.06 0.115854
1 0.382 0.132622 0.036 0.057927
1 0.25 0.11128 0.04 0.051829
1 0.194 0.129573 0.016 0.033537
1 0.215 0.135671 0.014 0.027439
1 0.198 0.155488 0.016 0.02439
1 0.344 0.117378 0.02 0.027439
1 0.692 0.143293 0.028 0.054878
1 0.654 0.134146 0.032 0.060976