0 0.096 0.345345 0.072 0.108108
0 0.222 0.355856 0.064 0.105105
0 0.266 0.345345 0.048 0.096096
0 0.314 0.348348 0.048 0.108108
0 0.365 0.348348 0.062 0.114114
0 0.426 0.366366 0.056 0.096096
0 0.543 0.345345 0.066 0.126126
0 0.584 0.322823 0.048 0.093093
0 0.614 0.346847 0.064 0.105105
0 0.673 0.331832 0.066 0.129129
0 0.723 0.346847 0.046 0.087087
0 0.783 0.343844 0.07 0.123123
0 0.906 0.387387 0.072 0.12012
1 0.156 0.367868 0.056 0.093093
1 0.455 0.351351 0.034 0.066066
1 0.518 0.31982 0.028 0.069069