0 0.151667 0.393204 0.15 0.242718
0 0.278333 0.385922 0.103333 0.179612
0 0.415 0.38835 0.096667 0.165049
0 0.541667 0.38835 0.09 0.145631
0 0.726667 0.410194 0.073333 0.131068
0 0.77 0.444175 0.086667 0.150485
0 0.955 0.359223 0.09 0.184466
0 0.721667 0.235437 0.03 0.043689
0 0.916667 0.053398 0.026667 0.038835
0 0.853333 0.133495 0.026667 0.043689
0 0.785 0.23301 0.03 0.038835
0 0.565 0.23301 0.03 0.048544
0 0.51 0.218447 0.033333 0.048544
0 0.436667 0.237864 0.026667 0.048544
0 0.315 0.213592 0.03 0.048544
0 0.133333 0.223301 0.04 0.058252
0 0.101667 0.165049 0.036667 0.067961