0 0.212667 0.729391 0.046667 0.0681
0 0.269333 0.750896 0.045333 0.071685
0 0.588667 0.765233 0.02 0.028674
0 0.612667 0.767921 0.022667 0.026882
0 0.754667 0.629032 0.016 0.021505
0 0.779333 0.637993 0.014667 0.021505
0 0.817333 0.695341 0.018667 0.02509
0 0.861333 0.72491 0.016 0.023297
0 0.883333 0.722222 0.014667 0.02509
0 0.404 0.356631 0.021333 0.02509
0 0.43 0.325269 0.02 0.03405
0 0.47 0.280466 0.014667 0.023297
0 0.546667 0.252688 0.016 0.02509
0 0.589333 0.249104 0.016 0.02509
0 0.616667 0.241039 0.02 0.026882
0 0.884667 0.257168 0.110667 0.148746