0 0.07197 0.552 0.043939 0.064
0 0.144697 0.542 0.04697 0.064
0 0.107576 0.511 0.036364 0.054
0 0.201515 0.563 0.039394 0.066
0 0.244697 0.526 0.034848 0.064
0 0.357576 0.549 0.045455 0.07
0 0.440909 0.514 0.045455 0.072
0 0.52803 0.545 0.040909 0.07
0 0.602273 0.532 0.040909 0.076
0 0.709848 0.529 0.04697 0.078
0 0.816667 0.531 0.048485 0.086
0 0.925 0.519 0.05303 0.078
0 0.307576 0.528 0.039394 0.064
0 0.372727 0.514 0.033333 0.056
0 0.586364 0.517 0.033333 0.066
0 0.694697 0.534 0.040909 0.076