0 0.869 0.273333 0.074 0.109333
0 0.639 0.252 0.05 0.088
0 0.584 0.304 0.056 0.096
0 0.542 0.248 0.036 0.069333
0 0.562 0.269333 0.032 0.064
0 0.47 0.318667 0.072 0.104
0 0.519 0.312 0.054 0.101333
0 0.357 0.285333 0.078 0.128
0 0.427 0.273333 0.042 0.072
0 0.293 0.272 0.058 0.096
0 0.232 0.318667 0.096 0.146667
0 0.149 0.284 0.07 0.109333
0 0.041 0.277333 0.078 0.133333
0 0.67 0.278667 0.028 0.066667
1 0.956 0.253333 0.044 0.074667
1 0.907 0.248 0.034 0.064
1 0.717 0.249333 0.042 0.061333
1 0.773 0.256 0.026 0.042667