0 0.26 0.70045 0.122 0.187688
0 0.196 0.631381 0.066 0.10961
0 0.2895 0.599099 0.047 0.066066
0 0.696 0.656907 0.066 0.097598
0 0.867 0.613363 0.048 0.070571
0 0.8365 0.593844 0.031 0.055556
0 0.815 0.570571 0.026 0.048048
0 0.6455 0.614865 0.041 0.067568
0 0.395 0.611862 0.048 0.07958
0 0.4245 0.578829 0.029 0.061562
0 0.444 0.564565 0.024 0.048048
0 0.5485 0.551051 0.021 0.036036
0 0.605 0.58033 0.034 0.052553
0 0.568 0.564565 0.02 0.039039
0 0.584 0.577327 0.024 0.04955
0 0.751 0.59009 0.04 0.057057
0 0.725 0.569069 0.024 0.033033
0 0.6835 0.557057 0.017 0.033033
0 0.65 0.566066 0.03 0.039039
0 0.3595 0.563063 0.029 0.045045
0 0.3945 0.559309 0.025 0.040541
0 0.38 0.496246 0.016 0.031532
0 0.458 0.561562 0.018 0.033033
0 0.2745 0.551051 0.021 0.036036
0 0.3045 0.506006 0.011 0.027027
0 0.338 0.551051 0.018 0.033033
0 0.222 0.557057 0.024 0.042042
0 0.1705 0.559309 0.033 0.046547
0 0.1165 0.563063 0.035 0.063063
0 0.0645 0.5 0.043 0.066066
0 0.023 0.591592 0.044 0.084084
1 0.7335 0.515766 0.019 0.028529