0 0.364063 0.845833 0.078125 0.1125
0 0.630469 0.841667 0.070312 0.129167
0 0.915625 0.829167 0.078125 0.1125
0 0.96875 0.688542 0.04375 0.060417
0 0.855469 0.75625 0.064062 0.0875
0 0.789844 0.729167 0.057813 0.075
0 0.732812 0.727083 0.046875 0.0625
0 0.59375 0.733333 0.05 0.070833
0 0.423438 0.770833 0.059375 0.0875
0 0.201563 0.779167 0.065625 0.079167
0 0.109375 0.854167 0.08125 0.108333
0 0.116406 0.676042 0.035937 0.05625
0 0.0625 0.691667 0.0375 0.058333
0 0.26875 0.658333 0.03125 0.054167
0 0.311719 0.726042 0.039062 0.064583
0 0.341406 0.714583 0.039062 0.0625
0 0.917969 0.684375 0.035937 0.052083
0 0.832031 0.65 0.026562 0.041667
0 0.808594 0.641667 0.023438 0.033333
0 0.874219 0.645833 0.023438 0.0375
0 0.564844 0.665625 0.029687 0.04375
0 0.267969 0.767708 0.054688 0.077083
0 0.407031 0.655208 0.023438 0.03125
0 0.611719 0.654167 0.023438 0.033333
0 0.472656 0.634375 0.020313 0.027083
0 0.544531 0.660417 0.020313 0.0375
0 0.5375 0.63125 0.025 0.029167
0 0.332031 0.626042 0.017188 0.027083
0 0.317188 0.616667 0.015625 0.025
0 0.367188 0.69375 0.034375 0.045833
0 0.678125 0.678125 0.03125 0.04375
0 0.702344 0.711458 0.032813 0.047917