0 0.26 0.272727 0.044 0.118182
0 0.326 0.265909 0.04 0.113636
0 0.382 0.520455 0.04 0.113636
0 0.47 0.493182 0.04 0.113636
0 0.541 0.484091 0.042 0.113636
0 0.395 0.268182 0.038 0.109091
0 0.456 0.265909 0.036 0.113636
0 0.544 0.247727 0.04 0.113636
0 0.613 0.270455 0.038 0.122727
0 0.669 0.225 0.034 0.095455
0 0.757 0.193182 0.038 0.104545
1 0.178 0.561364 0.044 0.122727
1 0.071 0.272727 0.042 0.118182
1 0.177 0.295455 0.042 0.118182
1 0.836 0.206818 0.036 0.095455
1 0.923 0.190909 0.038 0.109091