0 0.535 0.578078 0.034 0.057057
1 0.649 0.578078 0.034 0.057057
1 0.496 0.71021 0.028 0.051051
0 0.495 0.672673 0.03 0.048048
1 0.478 0.51952 0.024 0.048048
1 0.559 0.445946 0.022 0.045045
1 0.811 0.135135 0.018 0.03003
1 0.697 0.160661 0.014 0.027027
1 0.674 0.159159 0.016 0.03003
1 0.664 0.136637 0.016 0.027027
1 0.708 0.15015 0.012 0.024024
1 0.735 0.196697 0.014 0.027027
1 0.722 0.201201 0.012 0.024024
1 0.589 0.211712 0.014 0.021021
1 0.576 0.207207 0.012 0.024024
1 0.562 0.207207 0.012 0.024024
1 0.523 0.205706 0.014 0.027027
1 0.509 0.219219 0.014 0.024024
1 0.483 0.241742 0.014 0.021021
1 0.486 0.216216 0.016 0.024024
1 0.456 0.175676 0.016 0.033033
1 0.467 0.16967 0.014 0.027027
0 0.415 0.148649 0.022 0.039039
1 0.307 0.13964 0.01 0.021021
1 0.377 0.202703 0.014 0.027027
1 0.49 0.18018 0.016 0.024024
1 0.482 0.189189 0.012 0.024024
1 0.574 0.136637 0.012 0.021021
1 0.574 0.118619 0.012 0.021021
1 0.645 0.190691 0.014 0.027027
1 0.268 0.06006 0.016 0.03003