0 0.265 0.512793 0.07 0.095949
0 0.105833 0.521322 0.021667 0.031983
0 0.030833 0.511727 0.018333 0.025586
0 0.045 0.529851 0.013333 0.023454
0 0.1525 0.526652 0.008333 0.012793
0 0.174167 0.520256 0.008333 0.012793
0 0.194167 0.522388 0.008333 0.012793
0 0.9875 0.542644 0.015 0.023454
1 0.325 0.518124 0.02 0.029851
1 0.448333 0.510661 0.02 0.031983
1 0.484167 0.513859 0.018333 0.025586
1 0.511667 0.549041 0.016667 0.027719
1 0.54 0.521322 0.02 0.036247
1 0.615 0.54371 0.023333 0.03838
1 0.625 0.527719 0.02 0.027719
1 0.6025 0.520256 0.018333 0.025586