0 0.02375 0.262542 0.0425 0.083612
0 0.0325 0.255853 0.055 0.09699
0 0.10125 0.259197 0.0475 0.090301
0 0.17125 0.247492 0.0475 0.093645
0 0.14625 0.250836 0.0325 0.073579
0 0.20875 0.279264 0.0375 0.076923
0 0.2375 0.262542 0.04 0.070234
0 0.28375 0.262542 0.0425 0.076923
0 0.31625 0.264214 0.0275 0.060201
0 0.3475 0.287625 0.04 0.073579
0 0.37375 0.270903 0.0375 0.06689
0 0.40375 0.297659 0.0375 0.06689
0 0.43625 0.295987 0.0375 0.063545
0 0.46875 0.287625 0.0325 0.06689
0 0.49 0.301003 0.035 0.06689
0 0.53625 0.326087 0.0625 0.09699
0 0.49875 0.250836 0.0275 0.033445
0 0.585 0.272575 0.03 0.056856
0 0.62 0.284281 0.04 0.060201
0 0.68375 0.30602 0.0325 0.056856
0 0.71875 0.302676 0.0375 0.056856
0 0.79 0.274247 0.07 0.113712
0 0.88125 0.299331 0.0475 0.063545
0 0.85625 0.307692 0.0275 0.053512
0 0.9375 0.32107 0.045 0.073579
0 0.98125 0.324415 0.0375 0.073579