0 0.579 0.387006 0.022 0.039548
0 0.615 0.405367 0.022 0.025424
0 0.489 0.313559 0.022 0.033898
0 0.444 0.206215 0.024 0.039548
0 0.389 0.34887 0.018 0.036723
0 0.355 0.272599 0.022 0.036723
0 0.306 0.30791 0.024 0.033898
0 0.204 0.30226 0.024 0.028249
0 0.28 0.329096 0.024 0.036723
0 0.165 0.333333 0.026 0.033898
0 0.131 0.341808 0.026 0.039548
0 0.178 0.320621 0.02 0.031073
1 0.351 0.560734 0.086 0.127119
1 0.258 0.560734 0.092 0.155367
1 0.144 0.511299 0.104 0.186441
1 0.427 0.562147 0.09 0.152542
1 0.491 0.591808 0.086 0.138418
1 0.559 0.492938 0.082 0.110169
1 0.592 0.536723 0.088 0.146893
1 0.753 0.491525 0.098 0.158192
1 0.876 0.569209 0.096 0.110169
1 0.803 0.50565 0.07 0.158192