0 0.682292 0.273438 0.35625 0.540625
0 0.8625 0.139063 0.029167 0.053125
0 0.858333 0.195312 0.025 0.059375
0 0.882292 0.307812 0.035417 0.071875
0 0.908333 0.378125 0.0375 0.05625
0 0.940625 0.321875 0.035417 0.06875
0 0.91875 0.273438 0.0375 0.065625
0 0.928125 0.19375 0.03125 0.0625
0 0.967708 0.265625 0.035417 0.0625
0 0.917708 0.135937 0.027083 0.059375
0 0.965625 0.151562 0.03125 0.059375
0 0.990625 0.2 0.01875 0.05
0 0.945833 0.092188 0.029167 0.046875
0 0.964583 0.035937 0.033333 0.059375
1 0.20625 0.395313 0.408333 0.771875
1 0.333333 0.720313 0.104167 0.178125
1 0.4625 0.084375 0.033333 0.0625
1 0.427083 0.045312 0.033333 0.059375