0 0.853125 0.540909 0.13125 0.213636
0 0.157812 0.730682 0.1 0.129545
0 0.5125 0.253409 0.021875 0.038636
0 0.425 0.323864 0.021875 0.038636
0 0.407031 0.3125 0.017188 0.034091
0 0.328906 0.488636 0.029687 0.05
0 0.200781 0.388636 0.029687 0.045455
1 0.566406 0.825 0.142187 0.227273
1 0.395313 0.676136 0.11875 0.152273
0 0.632031 0.2 0.014063 0.022727
0 0.491406 0.295455 0.017188 0.027273
1 0.489844 0.430682 0.023438 0.029545
0 0.585938 0.190909 0.01875 0.027273
1 0.092969 0.663636 0.070312 0.109091
1 0.039062 0.6375 0.0625 0.102273
1 0.025 0.695455 0.046875 0.15
1 0.407031 0.885227 0.204687 0.229545