0 0.09625 0.419173 0.0325 0.056391
0 0.11625 0.424812 0.0225 0.052632
0 0.16625 0.421053 0.0325 0.052632
0 0.18875 0.415414 0.0225 0.048872
0 0.24125 0.407895 0.0325 0.056391
0 0.30375 0.417293 0.0275 0.052632
0 0.3825 0.407895 0.03 0.056391
0 0.40375 0.428571 0.0225 0.045113
0 0.43875 0.411654 0.0325 0.06391
0 0.48125 0.43609 0.0275 0.045113
0 0.54875 0.415414 0.0325 0.056391
0 0.6025 0.432331 0.03 0.052632
0 0.63375 0.426692 0.0225 0.056391
0 0.6525 0.432331 0.03 0.067669
0 0.71125 0.424812 0.0425 0.090226
0 0.7525 0.422932 0.035 0.071429
0 0.7875 0.441729 0.035 0.071429
0 0.82375 0.449248 0.0625 0.109023
0 0.94 0.432331 0.06 0.105263
0 0.98625 0.441729 0.0275 0.154135
1 0.34 0.421053 0.035 0.06015
1 0.88125 0.454887 0.0725 0.120301
1 0.515 0.434211 0.025 0.041353