0 0.722 0.271772 0.112 0.189189
0 0.828 0.297297 0.08 0.144144
0 0.919 0.369369 0.15 0.21021
0 0.785 0.306306 0.046 0.114114
0 0.667 0.306306 0.05 0.09009
0 0.622 0.373874 0.084 0.129129
0 0.618 0.3003 0.056 0.072072
0 0.58 0.312312 0.036 0.078078
0 0.552 0.336336 0.032 0.072072
0 0.519 0.310811 0.058 0.111111
0 0.48 0.33033 0.036 0.072072
0 0.447 0.310811 0.042 0.087087
0 0.412 0.3003 0.036 0.078078
0 0.388 0.307808 0.024 0.063063
0 0.35 0.3003 0.04 0.078078
0 0.324 0.298799 0.024 0.057057
0 0.298 0.310811 0.032 0.057057
0 0.097 0.331832 0.022 0.033033
0 0.138 0.322823 0.02 0.039039
0 0.228 0.321321 0.02 0.042042
1 0.186 0.297297 0.088 0.162162