0 0.1845 0.056311 0.083 0.099029
0 0.2795 0.111165 0.079 0.090291
0 0.4005 0.060194 0.075 0.104854
0 0.5595 0.08932 0.081 0.099029
0 0.7175 0.063107 0.077 0.099029
0 0.879 0.086408 0.08 0.102913
0 0.8825 0.398544 0.087 0.098058
0 0.671 0.356796 0.084 0.113592
0 0.555 0.397087 0.09 0.085437
0 0.3575 0.4 0.089 0.11068
0 0.1955 0.388835 0.089 0.107767
0 0.1535 0.695631 0.085 0.115534
0 0.226 0.693689 0.066 0.105825
0 0.3745 0.687379 0.069 0.095146
0 0.4845 0.7 0.063 0.093204
0 0.5915 0.702913 0.075 0.079612
0 0.7005 0.676699 0.069 0.091262
0 0.7855 0.726699 0.067 0.08835
0 0.903 0.70534 0.068 0.094175