0 0.483 0.521186 0.058 0.09887
0 0.452 0.531073 0.028 0.067797
0 0.567 0.511299 0.062 0.073446
0 0.668 0.532486 0.072 0.09322
0 0.724 0.502825 0.04 0.056497
0 0.735 0.548023 0.042 0.062147
0 0.792 0.55226 0.048 0.064972
0 0.918 0.553672 0.06 0.079096
1 0.054 0.542373 0.076 0.118644
1 0.162 0.525424 0.024 0.039548
1 0.199 0.548023 0.022 0.033898
1 0.248 0.531073 0.028 0.039548
1 0.295 0.549435 0.038 0.053672
1 0.351 0.581921 0.042 0.056497
1 0.233 0.556497 0.022 0.028249
1 0.609 0.55226 0.03 0.042373
1 0.869 0.563559 0.07 0.110169