0 0.4925 0.418889 0.025 0.033333
0 0.5925 0.407778 0.018333 0.028889
0 0.643333 0.398889 0.016667 0.028889
0 0.784167 0.397778 0.018333 0.031111
0 0.813333 0.405556 0.02 0.028889
1 0.191667 0.417778 0.023333 0.035556
1 0.1625 0.42 0.021667 0.035556
1 0.395833 0.421111 0.018333 0.028889
1 0.5525 0.407778 0.018333 0.024444
1 0.533333 0.414444 0.016667 0.024444
1 0.715 0.401111 0.016667 0.024444
1 0.680833 0.402222 0.018333 0.022222
1 0.755 0.39 0.016667 0.024444
1 0.745833 0.398889 0.011667 0.02
1 0.8275 0.396667 0.015 0.024444
1 0.796667 0.402222 0.016667 0.026667
0 0.783333 0.397778 0.016667 0.031111
0 0.813333 0.405556 0.016667 0.028889
0 0.890833 0.398889 0.018333 0.028889