0 0.467 0.576125 0.054 0.121107
0 0.376 0.534602 0.04 0.072664
0 0.36 0.608997 0.06 0.124567
0 0.327 0.602076 0.046 0.117647
0 0.26 0.531142 0.04 0.100346
0 0.184 0.647059 0.112 0.152249
0 0.183 0.807958 0.162 0.211073
0 0.56 0.614187 0.072 0.134948
0 0.589 0.550173 0.05 0.083045
0 0.562 0.522491 0.036 0.069204
0 0.634 0.610727 0.064 0.121107
0 0.684 0.515571 0.044 0.076125
0 0.71 0.567474 0.052 0.096886
0 0.796 0.519031 0.04 0.083045
0 0.898 0.532872 0.044 0.076125
0 0.91 0.614187 0.076 0.107266
0 0.948 0.550173 0.052 0.083045
1 0.845 0.593426 0.066 0.107266
1 0.841 0.538062 0.054 0.058824
1 0.986 0.539792 0.028 0.069204
1 0.539 0.302768 0.026 0.058824
1 0.439 0.586505 0.026 0.086505