1 0.122 0.396396 0.056 0.09009
1 0.227 0.343844 0.046 0.087087
1 0.278 0.348348 0.04 0.072072
1 0.248 0.315315 0.028 0.06006
1 0.169 0.33033 0.026 0.042042
1 0.131 0.345345 0.034 0.054054
1 0.115 0.325826 0.03 0.057057
1 0.043 0.361862 0.042 0.069069
1 0.068 0.336336 0.028 0.06006
1 0.013 0.342342 0.022 0.066066
1 0.29 0.307808 0.024 0.045045
1 0.313 0.331832 0.03 0.057057
1 0.327 0.313814 0.022 0.045045
1 0.369 0.355856 0.054 0.099099
1 0.421 0.310811 0.026 0.057057
1 0.393 0.352853 0.03 0.075075
1 0.449 0.351351 0.038 0.09009
1 0.504 0.364865 0.048 0.081081
1 0.531 0.42042 0.066 0.108108
1 0.574 0.358859 0.044 0.075075
1 0.53 0.339339 0.028 0.054054
1 0.541 0.313814 0.034 0.051051
1 0.591 0.312312 0.03 0.048048
1 0.621 0.322823 0.038 0.063063
1 0.656 0.31982 0.032 0.063063
1 0.68 0.321321 0.04 0.072072
1 0.726 0.312312 0.036 0.066066
1 0.769 0.318318 0.026 0.048048
1 0.793 0.247748 0.054 0.081081
1 0.861 0.321321 0.038 0.072072
1 0.895 0.33033 0.034 0.078078
1 0.941 0.31982 0.038 0.081081