1 0.183703 0.48308 0.04918 0.076142
1 0.389585 0.275804 0.023144 0.040609
1 0.369335 0.188663 0.015429 0.032149
1 0.399711 0.21912 0.022179 0.032149
1 0.416104 0.166667 0.016393 0.032149
1 0.458534 0.225888 0.022179 0.038917
1 0.478303 0.344332 0.02893 0.045685
1 0.530376 0.330795 0.030858 0.049069
1 0.488428 0.145516 0.014465 0.027073
1 0.514465 0.13198 0.014465 0.027073
1 0.537126 0.12775 0.0135 0.028765
1 0.564127 0.135364 0.015429 0.027073
1 0.582449 0.130288 0.011572 0.030457
1 0.563645 0.183587 0.020251 0.035533
1 0.614754 0.263959 0.024108 0.047377
1 0.655256 0.224196 0.026037 0.049069
1 0.702507 0.258883 0.026037 0.064298
1 0.695275 0.316413 0.032787 0.064298
1 0.835101 0.126904 0.0135 0.030457
1 0.768563 0.283418 0.025072 0.06599
1 0.881389 0.142978 0.0135 0.025381
1 0.896818 0.153976 0.0135 0.023689
1 0.924783 0.163283 0.011572 0.028765
1 0.896818 0.295262 0.023144 0.062606
1 0.817743 0.314721 0.02893 0.050761