1 0.070833 0.5401 0.061667 0.092732
1 0.12 0.562657 0.066667 0.097744
1 0.175 0.454887 0.053333 0.082707
1 0.243333 0.473684 0.053333 0.06015
1 0.244167 0.218045 0.051667 0.070175
1 0.3175 0.626566 0.068333 0.105263
1 0.269167 0.756892 0.098333 0.155388
1 0.4525 0.754386 0.091667 0.150376
1 0.495833 0.548872 0.061667 0.100251
1 0.493333 0.473684 0.05 0.080201
1 0.474167 0.434837 0.048333 0.067669
1 0.408333 0.498747 0.06 0.085213
1 0.393333 0.442356 0.043333 0.062657
1 0.705 0.474937 0.056667 0.107769
1 0.71 0.423559 0.05 0.080201
1 0.764167 0.578947 0.078333 0.120301
1 0.83 0.699248 0.12 0.155388
1 0.919167 0.517544 0.081667 0.12782
1 0.834167 0.47619 0.071667 0.105263
1 0.800833 0.404762 0.055 0.082707