1 0.024419 0.478 0.02093 0.052
1 0.046512 0.486 0.032558 0.06
1 0.082558 0.498 0.034884 0.06
1 0.117442 0.516 0.039535 0.064
1 0.156977 0.526 0.048837 0.092
1 0.210465 0.548 0.048837 0.096
1 0.254651 0.488 0.034884 0.056
1 0.317442 0.598 0.072093 0.124
1 0.29186 0.444 0.02093 0.048
1 0.338372 0.446 0.030233 0.052
1 0.354651 0.418 0.016279 0.044
1 0.367442 0.474 0.032558 0.068
1 0.396512 0.47 0.030233 0.076
1 0.402326 0.422 0.023256 0.044
1 0.444186 0.41 0.018605 0.028
1 0.474419 0.452 0.027907 0.064
1 0.47093 0.418 0.016279 0.036
1 0.5 0.418 0.018605 0.044
1 0.55 0.422 0.02093 0.044
1 0.52093 0.498 0.032558 0.068
1 0.573256 0.496 0.048837 0.08
1 0.605814 0.448 0.030233 0.072
1 0.631395 0.44 0.02093 0.064
1 0.647674 0.432 0.025581 0.048
1 0.696512 0.47 0.030233 0.076
1 0.767442 0.436 0.027907 0.056
1 0.743023 0.658 0.1 0.212
1 0.877907 0.576 0.072093 0.144
1 0.846512 0.418 0.027907 0.06
1 0.986047 0.406 0.027907 0.06