1 0.046887 0.63711 0.051221 0.121511
1 0.232072 0.264368 0.014972 0.042693
1 0.249015 0.266831 0.017336 0.047619
1 0.26911 0.253695 0.014972 0.044335
1 0.323089 0.245484 0.018913 0.041051
1 0.320725 0.211823 0.020489 0.039409
1 0.35855 0.247947 0.020489 0.036125
1 0.375099 0.269294 0.020489 0.049261
1 0.36052 0.215928 0.016548 0.034483
1 0.378251 0.195402 0.017336 0.042693
1 0.419228 0.182266 0.01576 0.036125
1 0.4145 0.236453 0.017336 0.039409
1 0.44602 0.308703 0.018913 0.052545
1 0.487786 0.269294 0.017336 0.049261
1 0.498818 0.205255 0.017336 0.042693
1 0.481875 0.171593 0.014972 0.044335
1 0.472813 0.155993 0.012608 0.032841
1 0.5 0.154351 0.014972 0.042693
1 0.522065 0.165025 0.016548 0.047619
1 0.463751 0.165846 0.01182 0.032841
1 0.539401 0.170772 0.01182 0.039409
1 0.559496 0.16092 0.01576 0.032841
1 0.563042 0.140394 0.014972 0.037767
1 0.582348 0.141215 0.01576 0.032841
1 0.581166 0.202791 0.016548 0.044335
1 0.560678 0.221675 0.016548 0.042693
1 0.616627 0.178982 0.014972 0.036125
1 0.627266 0.211002 0.017336 0.041051
1 0.610323 0.151067 0.013396 0.036125
1 0.605989 0.121511 0.012608 0.029557
1 0.589441 0.174056 0.01576 0.036125
1 0.638298 0.130542 0.012608 0.034483
1 0.665879 0.125616 0.014184 0.034483
1 0.666667 0.18555 0.012608 0.026273
1 0.661151 0.166667 0.011032 0.027915
1 0.692277 0.167488 0.016548 0.045977
1 0.696217 0.139573 0.016548 0.036125
1 0.721828 0.154351 0.01576 0.039409
1 0.693459 0.215928 0.018913 0.044335
1 0.669819 0.229885 0.025217 0.059113
1 0.603231 0.300493 0.026005 0.062397
1 0.577226 0.334154 0.024429 0.060755
1 0.603625 0.369458 0.025217 0.062397
1 0.664303 0.401478 0.029945 0.064039
1 0.723404 0.258621 0.022065 0.064039
1 0.746651 0.231527 0.016548 0.049261
1 0.762017 0.197865 0.01576 0.037767
1 0.7829 0.208539 0.014972 0.042693
1 0.778172 0.182266 0.016548 0.039409
1 0.815209 0.19376 0.016548 0.045977
1 0.825453 0.227422 0.018125 0.044335
1 0.799842 0.265189 0.022065 0.054187
1 0.768716 0.289819 0.021277 0.054187
1 0.73089 0.401478 0.027581 0.064039
1 0.80063 0.454023 0.033097 0.077176
1 0.8684 0.505747 0.028369 0.082102
1 0.882979 0.418719 0.026005 0.075534
1 0.865248 0.33908 0.022065 0.057471
1 0.817967 0.307061 0.022065 0.059113
1 0.875099 0.233169 0.018125 0.039409
1 0.900709 0.224138 0.01576 0.031199
1 0.903861 0.260263 0.01576 0.041051
1 0.896769 0.281609 0.017336 0.050903
1 0.925926 0.34647 0.020489 0.049261
1 0.94011 0.409688 0.023641 0.067323
1 0.944838 0.372742 0.018913 0.045977
1 0.977541 0.367816 0.018125 0.052545
1 0.972025 0.309524 0.018125 0.050903
1 0.988574 0.268473 0.014972 0.031199
1 0.931836 0.26601 0.016548 0.039409
1 0.952325 0.243021 0.013396 0.032841