1 0.105417 0.278333 0.064167 0.07
1 0.14625 0.26 0.0425 0.057778
1 0.047083 0.311111 0.0525 0.073333
1 0.267917 0.303333 0.0625 0.08
1 0.343333 0.263889 0.065 0.098889
1 0.341667 0.171667 0.038333 0.056667
1 0.424167 0.181667 0.036667 0.056667
1 0.472083 0.257222 0.0425 0.052222
1 0.442083 0.233333 0.0325 0.055556
1 0.51875 0.287778 0.055833 0.088889
1 0.5175 0.23 0.055 0.066667
1 0.545417 0.165556 0.044167 0.066667
1 0.606667 0.201667 0.043333 0.058889
1 0.672917 0.249444 0.044167 0.07
1 0.735 0.274444 0.065 0.097778
1 0.957083 0.161667 0.0575 0.107778
1 0.66375 0.201667 0.034167 0.052222