0 0.685 0.63125 0.073333 0.1025
0 0.71 0.40875 0.04 0.0775
0 0.428333 0.565 0.05 0.085
0 0.459167 0.44625 0.041667 0.0625
0 0.481667 0.43375 0.03 0.0625
0 0.545 0.425 0.03 0.06
0 0.8025 0.4075 0.035 0.065
0 0.8425 0.4 0.038333 0.065
0 0.963333 0.4075 0.033333 0.07
0 0.3125 0.39375 0.061667 0.1075
0 0.601667 0.34625 0.056667 0.1125
0 0.355833 0.465 0.031667 0.065
0 0.394167 0.435 0.035 0.07
0 0.223333 0.31 0.073333 0.125
0 0.120833 0.385 0.048333 0.075
0 0.015 0.4675 0.026667 0.06
0 0.011667 0.37 0.02 0.075