1 0.065 0.525063 0.1 0.182957
1 0.333333 0.716792 0.183333 0.310777
1 0.19 0.89599 0.156667 0.20802
1 0.275 0.47995 0.08 0.132832
1 0.208333 0.518797 0.06 0.100251
1 0.361667 0.535088 0.066667 0.107769
1 0.383333 0.497494 0.043333 0.082707
1 0.500833 0.253133 0.051667 0.095238
1 0.536667 0.392231 0.043333 0.082707
1 0.588333 0.506266 0.06 0.085213
1 0.54 0.611529 0.063333 0.120301
1 0.601667 0.685464 0.083333 0.14787
1 0.503333 0.897243 0.14 0.205514
1 0.7875 0.76817 0.175 0.318296
1 0.7275 0.566416 0.078333 0.130326
1 0.705833 0.422306 0.045 0.082707
1 0.815 0.234336 0.05 0.067669
1 0.8375 0.511278 0.051667 0.095238
1 0.904167 0.497494 0.055 0.092732
1 0.89 0.596491 0.073333 0.115288
1 0.953333 0.686717 0.093333 0.235589
1 0.9475 0.486216 0.041667 0.080201
1 0.639167 0.403509 0.045 0.080201