1 0.129584 0.549192 0.04401 0.076358
1 0.220049 0.363436 0.01793 0.0279
1 0.288509 0.378855 0.01956 0.041116
1 0.319886 0.398678 0.025265 0.045521
1 0.292176 0.344347 0.022005 0.033774
1 0.285656 0.310573 0.017115 0.033774
1 0.352893 0.342144 0.01793 0.041116
1 0.357783 0.299559 0.01793 0.029369
1 0.380196 0.342144 0.015485 0.044053
1 0.40383 0.339207 0.020375 0.041116
1 0.385086 0.28047 0.015485 0.035242
1 0.403423 0.281938 0.01304 0.029369
1 0.410758 0.299559 0.01467 0.035242
1 0.440098 0.270191 0.01467 0.032305
1 0.448655 0.259912 0.013855 0.029369
1 0.440913 0.304699 0.02119 0.042584
1 0.45599 0.342878 0.022005 0.042584
1 0.468623 0.315712 0.01793 0.041116
1 0.458435 0.281204 0.013855 0.030837
1 0.47066 0.237151 0.013855 0.024963
1 0.467808 0.26138 0.01304 0.032305
1 0.48207 0.284875 0.015485 0.038179
1 0.513447 0.32232 0.01956 0.042584
1 0.471883 0.405286 0.03097 0.067548
1 0.52934 0.422173 0.025265 0.057269
1 0.531377 0.372981 0.02445 0.04699
1 0.514262 0.256975 0.01304 0.026432
1 0.523635 0.281204 0.015485 0.033774
1 0.546047 0.248899 0.01467 0.030837
1 0.557457 0.278267 0.0163 0.033774
1 0.57172 0.269457 0.013855 0.039648
1 0.57172 0.245962 0.013855 0.024963
1 0.55542 0.226872 0.012225 0.024963
1 0.573757 0.222467 0.01304 0.024963
1 0.600652 0.25257 0.01304 0.029369
1 0.611247 0.207048 0.01304 0.026432
1 0.624694 0.218062 0.013855 0.024963
1 0.643032 0.259912 0.01467 0.032305
1 0.657702 0.218796 0.01141 0.026432
1 0.670742 0.229809 0.01141 0.0279
1 0.681337 0.225404 0.01141 0.0279
1 0.702526 0.260646 0.01793 0.039648
1 0.59617 0.334068 0.022005 0.039648
1 0.592095 0.399413 0.028525 0.049927
1 0.57172 0.461821 0.033415 0.069016
1 0.636919 0.501468 0.036675 0.071953
1 0.700896 0.555066 0.03423 0.079295
1 0.662184 0.393539 0.025265 0.058737
1 0.685819 0.375918 0.020375 0.044053
1 0.710676 0.427313 0.02608 0.058737
1 0.777506 0.448605 0.02934 0.057269
1 0.801141 0.36931 0.02445 0.051395
1 0.633659 0.30837 0.018745 0.038179
1 0.643439 0.342144 0.022005 0.041116
1 0.678077 0.328194 0.02282 0.036711
1 0.667889 0.281938 0.015485 0.035242
1 0.711084 0.302496 0.018745 0.038179
1 0.729829 0.24743 0.013855 0.036711
1 0.739609 0.24743 0.015485 0.036711
1 0.748574 0.229075 0.012225 0.029369
1 0.776691 0.230543 0.01304 0.032305
1 0.777099 0.27533 0.013855 0.036711
1 0.763244 0.291483 0.017115 0.042584
1 0.799919 0.259912 0.013855 0.026432
1 0.834148 0.267988 0.012225 0.030837
1 0.809291 0.279001 0.01467 0.029369
1 0.807253 0.30837 0.015485 0.044053
1 0.841076 0.307636 0.01467 0.042584
1 0.854931 0.312041 0.01304 0.033774
1 0.855338 0.274596 0.012225 0.038179
1 0.870008 0.263583 0.010595 0.033774
1 0.882233 0.287078 0.017115 0.039648
1 0.92502 0.296623 0.01304 0.023495
1 0.928688 0.309838 0.013855 0.032305
1 0.935615 0.328194 0.0163 0.036711
1 0.919315 0.339941 0.0163 0.033774
1 0.922575 0.361968 0.0163 0.039648
1 0.898533 0.34141 0.017115 0.042584
1 0.870008 0.381057 0.022005 0.054332
1 0.877343 0.420705 0.025265 0.054332
1 0.848818 0.408957 0.018745 0.051395
1 0.91035 0.48091 0.02771 0.069016
1 0.840261 0.45815 0.02771 0.0558
1 0.794214 0.582232 0.026895 0.07489