1 0.31875 0.805 0.1625 0.296667
1 0.17875 0.64 0.095 0.16
1 0.045 0.543333 0.045 0.083333
1 0.06 0.496667 0.0375 0.056667
1 0.020625 0.455 0.02875 0.05
1 0.050625 0.465 0.02625 0.033333
1 0.061875 0.441667 0.02625 0.03
1 0.079375 0.454167 0.01625 0.025
1 0.1025 0.455833 0.0325 0.045
1 0.098125 0.496667 0.04125 0.063333
1 0.139375 0.511667 0.04125 0.073333
1 0.138125 0.463333 0.03125 0.046667
1 0.131875 0.398333 0.01875 0.026667
1 0.2275 0.385 0.02 0.03
1 0.30875 0.375833 0.015 0.035
1 0.34625 0.4325 0.02 0.035
1 0.366875 0.433333 0.01625 0.03
1 0.389375 0.439167 0.01875 0.028333
1 0.655625 0.410833 0.02125 0.031667
1 0.663125 0.448333 0.02375 0.043333
1 0.6425 0.453333 0.0175 0.033333
1 0.735625 0.590833 0.05125 0.085
1 0.763125 0.533333 0.03375 0.046667
1 0.74125 0.525833 0.0325 0.045
1 0.74875 0.501667 0.035 0.04
1 0.939375 0.561667 0.03375 0.066667
1 0.955 0.545833 0.04 0.065
1 0.684375 0.525 0.03125 0.046667
1 0.704375 0.508333 0.03125 0.046667
1 0.62625 0.5125 0.03 0.045
1 0.630625 0.549167 0.04625 0.068333
1 0.59625 0.596667 0.04 0.066667
1 0.555625 0.565 0.05875 0.083333
1 0.55625 0.5225 0.04 0.048333
1 0.568125 0.499167 0.02375 0.041667
1 0.5075 0.515 0.0375 0.056667
1 0.495 0.493333 0.0225 0.036667
1 0.48375 0.483333 0.0225 0.033333
1 0.461875 0.521667 0.03125 0.05
1 0.415 0.620833 0.125 0.171667
1 0.4275 0.490833 0.03 0.051667
1 0.378125 0.476667 0.02625 0.036667
1 0.31 0.494167 0.0325 0.051667
1 0.319375 0.543333 0.04125 0.063333
1 0.276875 0.529167 0.04125 0.068333
1 0.25125 0.491667 0.0325 0.05
1 0.24375 0.466667 0.0225 0.036667
1 0.213125 0.47 0.02875 0.05
1 0.17625 0.471667 0.02 0.036667
1 0.323125 0.4775 0.02125 0.028333