1 0.095964 0.568421 0.037668 0.07218
1 0.189686 0.345113 0.01704 0.031579
1 0.221973 0.371429 0.020628 0.03609
1 0.261883 0.372932 0.016143 0.03609
1 0.288341 0.404511 0.022422 0.042105
1 0.250673 0.316541 0.015247 0.028571
1 0.319283 0.350376 0.017937 0.03609
1 0.325561 0.305263 0.016143 0.033083
1 0.356054 0.34812 0.01435 0.031579
1 0.383408 0.342105 0.01704 0.037594
1 0.365919 0.27218 0.016143 0.033083
1 0.38296 0.310526 0.016143 0.025564
1 0.379372 0.282707 0.010762 0.02406
1 0.450673 0.32782 0.018834 0.039098
1 0.415695 0.318797 0.020628 0.033083
1 0.425112 0.265414 0.01435 0.028571
1 0.407623 0.259398 0.013453 0.025564
1 0.442601 0.279699 0.01704 0.030075
1 0.443946 0.250376 0.01435 0.025564
1 0.452466 0.23609 0.011659 0.021053
1 0.49148 0.273684 0.012556 0.033083
1 0.507623 0.278195 0.01435 0.033083
1 0.489238 0.332331 0.015247 0.033083
1 0.430493 0.357143 0.023318 0.034586
1 0.453812 0.419549 0.0287 0.066165
1 0.504036 0.248872 0.01435 0.025564
1 0.546188 0.282707 0.016143 0.03609
1 0.53991 0.247368 0.01435 0.028571
1 0.565022 0.254135 0.01435 0.033083
1 0.558744 0.218797 0.010762 0.025564
1 0.570404 0.213534 0.010762 0.02406
1 0.595067 0.251128 0.013453 0.030075
1 0.641704 0.249624 0.013453 0.027068
1 0.637668 0.221805 0.012556 0.022556
1 0.612556 0.201504 0.010762 0.02406
1 0.668161 0.211278 0.010762 0.025564
1 0.677578 0.229323 0.009865 0.025564
1 0.683857 0.215038 0.015247 0.030075
1 0.6713 0.281955 0.01704 0.031579
1 0.709865 0.263158 0.01704 0.030075
1 0.593274 0.344361 0.022422 0.042105
1 0.529596 0.422556 0.027803 0.045113
1 0.52287 0.389474 0.026906 0.042105
1 0.582063 0.416541 0.025112 0.039098
1 0.574439 0.479699 0.03139 0.06015
1 0.635874 0.483459 0.037668 0.067669
1 0.666368 0.390226 0.021525 0.043609
1 0.641704 0.363158 0.020628 0.040602
1 0.63139 0.312782 0.017937 0.027068
1 0.688341 0.326316 0.01704 0.03609
1 0.717937 0.306767 0.015247 0.039098
1 0.752466 0.254135 0.012556 0.030075
1 0.764574 0.221805 0.011659 0.031579
1 0.703139 0.563158 0.035874 0.070677
1 0.726009 0.420301 0.027803 0.046617
1 0.693274 0.376692 0.023318 0.040602
1 0.826906 0.37218 0.021525 0.046617
1 0.787444 0.447368 0.023318 0.058647
1 0.838565 0.520301 0.032287 0.063158
1 0.866816 0.47594 0.027803 0.058647
1 0.938565 0.5 0.027803 0.064662
1 0.876682 0.386466 0.024215 0.04812
1 0.89148 0.343609 0.016143 0.037594
1 0.921525 0.333835 0.01704 0.039098
1 0.948879 0.370677 0.016143 0.043609
1 0.957848 0.330827 0.01435 0.03609
1 0.972197 0.322556 0.016143 0.031579
1 0.964574 0.290226 0.015247 0.030075
1 0.91704 0.281203 0.01704 0.030075
1 0.899552 0.26391 0.016143 0.031579
1 0.865022 0.284211 0.015247 0.027068
1 0.876233 0.265414 0.016143 0.031579
1 0.86009 0.256391 0.019731 0.031579
1 0.83722 0.276692 0.015247 0.03609
1 0.820179 0.296992 0.01704 0.028571
1 0.868161 0.333083 0.017937 0.037594
1 0.841256 0.35188 0.017937 0.042105
1 0.782511 0.293985 0.018834 0.034586
1 0.773991 0.260902 0.01435 0.025564
1 0.792377 0.273684 0.01704 0.03609
1 0.792377 0.242857 0.015247 0.034586
1 0.824664 0.244361 0.01704 0.028571