1 0.0625 0.314583 0.0375 0.058333
1 0.134375 0.309375 0.0375 0.052083
1 0.158594 0.317708 0.029687 0.052083
1 0.19375 0.284375 0.03125 0.04375
1 0.229687 0.276042 0.028125 0.04375
1 0.057031 0.665625 0.104688 0.127083
1 0.322656 0.646875 0.095312 0.11875
1 0.392188 0.521875 0.075 0.097917
1 0.396094 0.446875 0.060937 0.085417
1 0.3375 0.40625 0.0625 0.075
1 0.39375 0.285417 0.040625 0.0625
1 0.496875 0.23125 0.034375 0.045833
1 0.446094 0.372917 0.035937 0.054167
1 0.545312 0.521875 0.0875 0.102083
1 0.539844 0.373958 0.032813 0.047917
1 0.625781 0.319792 0.032813 0.047917
1 0.565625 0.338542 0.028125 0.04375
1 0.670312 0.3875 0.04375 0.058333
1 0.701562 0.438542 0.05 0.072917
1 0.774219 0.504167 0.064062 0.075
1 0.835156 0.595833 0.082812 0.129167
1 0.571094 0.873958 0.135937 0.13125
1 0.833594 0.304167 0.035937 0.045833
1 0.960156 0.353125 0.051562 0.06875