1 0.016435 0.37191 0.030341 0.05618
1 0.068268 0.393258 0.040455 0.067416
1 0.119469 0.378652 0.067004 0.12809
1 0.189633 0.37191 0.027813 0.069663
1 0.211757 0.420225 0.041719 0.085393
1 0.290139 0.373034 0.026549 0.062921
1 0.340076 0.382022 0.03287 0.076404
1 0.411504 0.38427 0.031606 0.062921
1 0.435525 0.408989 0.039191 0.076404
1 0.567636 0.410112 0.058154 0.110112
1 0.599874 0.385393 0.034134 0.08764
1 0.652339 0.373034 0.035398 0.07191
1 0.714918 0.392135 0.031606 0.060674
1 0.621365 0.4 0.026549 0.07191
1 0.811631 0.403371 0.037927 0.069663
1 0.846397 0.4 0.044248 0.085393
1 0.89507 0.41236 0.06574 0.123596