1 0.029583 0.47088 0.0575 0.178439
1 0.114167 0.289343 0.053333 0.10285
1 0.100417 0.174721 0.039167 0.066914
1 0.2425 0.262082 0.051667 0.083024
1 0.219167 0.17596 0.036667 0.069393
1 0.312083 0.151177 0.0325 0.061958
1 0.3675 0.229244 0.046667 0.079306
1 0.411667 0.16233 0.031667 0.05948
1 0.5 0.140025 0.035 0.05948
1 0.541667 0.218711 0.036667 0.08798
1 0.660833 0.208798 0.04 0.075589
1 0.475833 0.33829 0.058333 0.111524
1 0.279167 0.413259 0.068333 0.127633
1 0.71875 0.327757 0.050833 0.11772
1 0.873333 0.289343 0.241667 0.415118