1 0.965 0.721386 0.07 0.123494
1 0.854 0.718373 0.072 0.135542
1 0.705 0.665663 0.066 0.120482
1 0.581 0.644578 0.062 0.114458
1 0.44 0.61747 0.068 0.120482
1 0.359 0.677711 0.074 0.114458
1 0.157 0.650602 0.07 0.120482
1 0.071 0.543675 0.054 0.081325
1 0.024 0.475904 0.04 0.072289
1 0.087 0.474398 0.042 0.063253
1 0.076 0.427711 0.044 0.048193
1 0.033 0.421687 0.03 0.054217
1 0.113 0.424699 0.03 0.060241
1 0.15 0.474398 0.04 0.081325
1 0.173 0.430723 0.046 0.048193
1 0.19 0.490964 0.032 0.072289
1 0.231 0.5 0.05 0.078313
1 0.228 0.439759 0.032 0.054217
1 0.288 0.430723 0.036 0.060241
1 0.345 0.506024 0.042 0.072289
1 0.346 0.444277 0.032 0.063253
1 0.4 0.459337 0.044 0.075301
1 0.443 0.5 0.038 0.060241
1 0.514 0.496988 0.04 0.072289
1 0.537 0.463855 0.038 0.066265
1 0.588 0.533133 0.044 0.078313
1 0.605 0.474398 0.034 0.069277
1 0.658 0.478916 0.036 0.066265
1 0.689 0.533133 0.046 0.090361
1 0.772 0.561747 0.056 0.087349
1 0.756 0.475904 0.036 0.060241
1 0.82 0.48494 0.032 0.054217
1 0.87 0.525602 0.04 0.069277
1 0.91 0.513554 0.04 0.069277
1 0.964 0.557229 0.048 0.078313
1 0.936 0.308735 0.032 0.051205
1 0.904 0.311747 0.032 0.051205
1 0.886 0.304217 0.024 0.042169
1 0.858 0.311747 0.028 0.045181
1 0.824 0.301205 0.024 0.042169
1 0.789 0.307229 0.026 0.042169
1 0.775 0.284639 0.026 0.039157
1 0.807 0.278614 0.018 0.033133
1 0.852 0.275602 0.02 0.039157
1 0.837 0.182229 0.022 0.039157
1 0.808 0.168675 0.02 0.042169
1 0.772 0.173193 0.028 0.045181
1 0.748 0.138554 0.02 0.03012
1 0.73 0.165663 0.02 0.036145
1 0.715 0.170181 0.018 0.027108
1 0.692 0.165663 0.02 0.036145
1 0.668 0.173193 0.02 0.033133
1 0.655 0.174699 0.018 0.036145
1 0.628 0.170181 0.016 0.045181
1 0.615 0.170181 0.018 0.033133
1 0.579 0.173193 0.014 0.033133
1 0.558 0.176205 0.02 0.027108
1 0.515 0.149096 0.022 0.033133
1 0.498 0.167169 0.02 0.033133
1 0.474 0.167169 0.016 0.033133
1 0.736 0.304217 0.024 0.054217
1 0.749 0.260542 0.018 0.039157
1 0.711 0.287651 0.022 0.039157
1 0.692 0.281627 0.024 0.039157
1 0.67 0.287651 0.024 0.045181
1 0.652 0.275602 0.02 0.039157
1 0.626 0.286145 0.024 0.036145
1 0.621 0.254518 0.022 0.033133
1 0.606 0.281627 0.016 0.039157
1 0.578 0.266566 0.02 0.039157
1 0.559 0.27259 0.022 0.027108
1 0.508 0.289157 0.024 0.042169
1 0.528 0.286145 0.024 0.042169
1 0.502 0.262048 0.02 0.036145
1 0.478 0.271084 0.02 0.036145
1 0.463 0.304217 0.026 0.042169
1 0.435 0.289157 0.026 0.036145
1 0.441 0.253012 0.026 0.042169
1 0.409 0.269578 0.022 0.033133
1 0.375 0.269578 0.022 0.039157
1 0.35 0.269578 0.024 0.045181
1 0.327 0.286145 0.022 0.042169
1 0.226 0.292169 0.036 0.042169
1 0.199 0.271084 0.034 0.048193
1 0.151 0.295181 0.026 0.048193
1 0.115 0.295181 0.03 0.042169
1 0.126 0.269578 0.024 0.045181
1 0.087 0.278614 0.026 0.033133
1 0.064 0.290663 0.024 0.039157
1 0.046 0.274096 0.024 0.036145
1 0.06 0.243976 0.02 0.03012
1 0.027 0.262048 0.022 0.03012
1 0.014 0.299699 0.024 0.051205
1 0.075 0.167169 0.022 0.033133
1 0.119 0.182229 0.022 0.033133
1 0.156 0.173193 0.024 0.039157
1 0.178 0.174699 0.02 0.036145
1 0.194 0.170181 0.016 0.027108
1 0.211 0.173193 0.018 0.039157
1 0.239 0.171687 0.022 0.03012
1 0.27 0.171687 0.016 0.036145
1 0.286 0.173193 0.024 0.039157
1 0.33 0.168675 0.016 0.03012
1 0.366 0.168675 0.02 0.03012
1 0.349 0.179217 0.014 0.033133
1 0.314 0.165663 0.016 0.03012
1 0.406 0.15512 0.02 0.033133
1 0.437 0.171687 0.022 0.036145