1 0.228261 0.501672 0.044423 0.086957
1 0.312382 0.261706 0.017958 0.035117
1 0.333176 0.278428 0.019849 0.041806
1 0.387051 0.201505 0.019849 0.035117
1 0.428639 0.2801 0.021739 0.048495
1 0.422968 0.22408 0.016068 0.036789
1 0.441871 0.234114 0.021739 0.036789
1 0.444234 0.195652 0.017013 0.036789
1 0.4362 0.169732 0.016068 0.035117
1 0.451796 0.158027 0.013233 0.028428
1 0.47259 0.151338 0.013233 0.031773
1 0.486767 0.138796 0.011342 0.026756
1 0.472117 0.209866 0.016068 0.031773
1 0.474953 0.190635 0.014178 0.033445
1 0.481569 0.170569 0.014178 0.0301
1 0.497164 0.174749 0.013233 0.031773
1 0.524102 0.215719 0.017958 0.040134
1 0.52552 0.155518 0.015123 0.033445
1 0.539698 0.084448 0.011342 0.028428
1 0.56758 0.109532 0.012287 0.025084
1 0.600189 0.098662 0.013233 0.0301
1 0.615784 0.117057 0.012287 0.023411
1 0.615312 0.136288 0.013233 0.028428
1 0.558129 0.149666 0.016068 0.035117
1 0.58034 0.161371 0.015123 0.028428
1 0.608696 0.180602 0.020794 0.043478
1 0.576087 0.135452 0.012287 0.033445
1 0.684783 0.062709 0.010397 0.031773
1 0.784972 0.05602 0.014178 0.025084
1 0.690454 0.102007 0.014178 0.0301
1 0.753781 0.108696 0.014178 0.0301
1 0.811437 0.130435 0.014178 0.033445
1 0.702268 0.135452 0.018904 0.033445
1 0.683837 0.157191 0.017958 0.040134
1 0.699905 0.188127 0.017958 0.038462
1 0.663043 0.204849 0.021739 0.051839
1 0.749527 0.149666 0.017013 0.038462
1 0.72259 0.177258 0.019849 0.040134
1 0.754726 0.17893 0.019849 0.036789
1 0.799149 0.197324 0.017958 0.046823
1 0.852552 0.183946 0.017013 0.043478
1 0.871456 0.229097 0.017013 0.050167
1 0.608223 0.254181 0.023629 0.050167
1 0.549622 0.296823 0.02741 0.061873
1 0.482514 0.326087 0.033081 0.053512
1 0.661153 0.264214 0.023629 0.056856
1 0.719754 0.281773 0.02741 0.058528
1 0.775047 0.313545 0.026465 0.055184
1 0.973062 0.377926 0.044423 0.09699