1 0.0975 0.581967 0.085 0.143443
1 0.041875 0.461066 0.04625 0.077869
1 0.16875 0.506148 0.07 0.114754
1 0.200625 0.456967 0.04375 0.086066
1 0.175625 0.402664 0.02875 0.047131
1 0.236875 0.393443 0.03125 0.065574
1 0.37125 0.428279 0.035 0.069672
1 0.381875 0.401639 0.02875 0.057377
1 0.4475 0.421107 0.0325 0.063525
1 0.49125 0.409836 0.025 0.061475
1 0.5275 0.407787 0.0325 0.061475
1 0.573125 0.431352 0.03875 0.084016
1 0.610625 0.392418 0.02875 0.063525
1 0.67375 0.433402 0.04 0.071721
1 0.81125 0.529713 0.0625 0.116803
1 0.926875 0.598361 0.09875 0.184426
1 0.795625 0.451844 0.05375 0.096311
1 0.785 0.391393 0.03 0.057377
1 0.881875 0.41291 0.02875 0.059426
1 0.909375 0.433402 0.04875 0.079918