1 0.8475 0.438889 0.031667 0.04
1 0.69375 0.451667 0.039167 0.054444
1 0.719167 0.447222 0.03 0.047778
1 0.644167 0.465556 0.033333 0.048889
1 0.6125 0.444444 0.033333 0.042222
1 0.571667 0.425 0.026667 0.041111
1 0.529583 0.427222 0.0275 0.036667
1 0.500417 0.447222 0.030833 0.027778
1 0.434167 0.465556 0.033333 0.04
1 0.403333 0.423333 0.033333 0.033333
1 0.36625 0.447222 0.024167 0.038889
1 0.347917 0.420556 0.030833 0.036667
1 0.291667 0.429444 0.031667 0.045556
1 0.25125 0.445556 0.034167 0.051111
1 0.210417 0.485 0.060833 0.087778
1 0.220833 0.415 0.031667 0.034444
1 0.226667 0.432222 0.025 0.033333
1 0.171667 0.431111 0.038333 0.051111
1 0.137083 0.456667 0.0375 0.055556
1 0.109167 0.494444 0.051667 0.064444
1 0.1 0.441111 0.033333 0.048889