1 0.105833 0.555625 0.048333 0.08125
1 0.23375 0.56375 0.055833 0.09
1 0.287083 0.546875 0.0575 0.09625
1 0.26625 0.475 0.044167 0.0625
1 0.356667 0.310625 0.065 0.12125
1 0.4825 0.385625 0.051667 0.08875
1 0.469167 0.501875 0.075 0.11875
1 0.369167 0.5225 0.06 0.09
1 0.44625 0.528125 0.039167 0.08375
1 0.58625 0.49375 0.044167 0.085
1 0.570833 0.52875 0.041667 0.0625
1 0.648333 0.531875 0.078333 0.13625
1 0.67375 0.470625 0.049167 0.09875
1 0.698333 0.49125 0.03 0.065
1 0.835833 0.483125 0.031667 0.07375
1 0.858333 0.4675 0.043333 0.09
1 0.884583 0.48625 0.0575 0.1125
1 0.960833 0.426875 0.078333 0.16125