1 0.05625 0.484375 0.1075 0.15875
1 0.060417 0.36375 0.049167 0.08
1 0.091667 0.3225 0.021667 0.0425
1 0.164167 0.321875 0.031667 0.03875
1 0.195417 0.353125 0.029167 0.04625
1 0.222083 0.44125 0.0575 0.1125
1 0.248333 0.361875 0.031667 0.06625
1 0.2275 0.37375 0.043333 0.0675
1 0.33875 0.333125 0.029167 0.04875
1 0.25625 0.32375 0.0225 0.035
1 0.37 0.355625 0.038333 0.06375
1 0.420833 0.341875 0.035 0.06375
1 0.430417 0.421875 0.050833 0.08625
1 0.485833 0.47 0.116667 0.14
1 0.4725 0.37375 0.041667 0.065
1 0.527083 0.35 0.0325 0.055
1 0.585833 0.365 0.04 0.07
1 0.625417 0.331875 0.029167 0.06125
1 0.916667 0.111875 0.1 0.19625