1 0.058333 0.472222 0.093333 0.135556
1 0.071667 0.666667 0.14 0.32
1 0.326667 0.456667 0.08 0.14
1 0.285833 0.373333 0.051667 0.08
1 0.268333 0.333333 0.053333 0.08
1 0.220833 0.301111 0.035 0.046667
1 0.1025 0.367778 0.055 0.091111
1 0.129167 0.36 0.045 0.062222
1 0.14 0.328889 0.033333 0.048889
1 0.13 0.296667 0.03 0.042222
1 0.014167 0.34 0.025 0.057778
1 0.3125 0.292222 0.028333 0.051111
1 0.36 0.23 0.056667 0.091111
1 0.450833 0.342222 0.038333 0.048889
1 0.495 0.284444 0.026667 0.044444
1 0.519167 0.316667 0.041667 0.064444
1 0.546667 0.274444 0.03 0.042222
1 0.549167 0.321111 0.038333 0.055556
1 0.614167 0.336667 0.055 0.082222
1 0.61 0.28 0.026667 0.035556
1 0.67 0.3 0.03 0.057778
1 0.708333 0.315556 0.04 0.08
1 0.749167 0.36 0.058333 0.106667
1 0.736667 0.29 0.03 0.046667
1 0.764167 0.276667 0.021667 0.037778
1 0.796667 0.32 0.036667 0.075556
1 0.59 0.54 0.183333 0.266667
1 0.888333 0.351111 0.07 0.124444
1 0.879167 0.277778 0.031667 0.04
1 0.921667 0.266667 0.03 0.048889
1 0.979167 0.318889 0.041667 0.082222