1 0.184211 0.455574 0.047091 0.0937
1 0.275162 0.231018 0.020314 0.038772
1 0.298246 0.226979 0.01662 0.040388
1 0.340259 0.148627 0.021237 0.042003
1 0.360572 0.19063 0.015697 0.045234
1 0.377655 0.167205 0.018467 0.030695
1 0.386888 0.240711 0.020314 0.045234
1 0.417359 0.241519 0.022161 0.04685
1 0.425208 0.201939 0.017544 0.042003
1 0.441367 0.210016 0.022161 0.038772
1 0.427978 0.17609 0.01385 0.025848
1 0.438596 0.163974 0.014774 0.030695
1 0.423361 0.152666 0.01385 0.021002
1 0.478301 0.15105 0.018467 0.037157
1 0.487073 0.197092 0.017544 0.035541
1 0.50554 0.197092 0.015697 0.042003
1 0.469529 0.11874 0.010157 0.024233
1 0.487535 0.073506 0.012927 0.024233
1 0.49723 0.117124 0.01385 0.027464
1 0.518467 0.133279 0.015697 0.027464
1 0.530933 0.128433 0.01108 0.024233
1 0.548015 0.147819 0.017544 0.030695
1 0.547553 0.126817 0.014774 0.027464
1 0.564635 0.161551 0.01385 0.03231
1 0.595106 0.137318 0.015697 0.029079
1 0.599723 0.116317 0.01385 0.022617
1 0.619114 0.116317 0.01385 0.022617
1 0.620037 0.105816 0.00831 0.017771
1 0.6265 0.147819 0.01385 0.024233
1 0.648199 0.126817 0.012927 0.027464
1 0.67867 0.121971 0.012927 0.027464
1 0.706833 0.113893 0.012004 0.024233
1 0.747922 0.077544 0.012927 0.029079
1 0.593721 0.231018 0.020314 0.035541
1 0.651893 0.232633 0.022161 0.051696
1 0.698061 0.258481 0.022161 0.054927
1 0.715143 0.327948 0.032318 0.06462
1 0.753924 0.357027 0.030471 0.058158
1 0.786242 0.303716 0.023084 0.058158
1 0.758079 0.252019 0.024007 0.051696
1 0.73084 0.226171 0.023084 0.045234
1 0.71699 0.180937 0.017544 0.038772
1 0.704986 0.164782 0.015697 0.038772
1 0.732687 0.171244 0.01385 0.035541
1 0.745614 0.202746 0.017544 0.040388
1 0.790859 0.239903 0.021237 0.033926
1 0.777008 0.155089 0.015697 0.022617
1 0.796861 0.16559 0.012927 0.027464
1 0.800092 0.139742 0.012004 0.027464
1 0.843952 0.15832 0.014774 0.035541
1 0.855956 0.146204 0.012927 0.027464
1 0.831948 0.194669 0.018467 0.040388
1 0.871653 0.180129 0.012927 0.033926
1 0.869806 0.229402 0.018467 0.03231
1 0.844414 0.250404 0.019391 0.045234
1 0.898892 0.214055 0.017544 0.040388
1 0.898892 0.184976 0.015697 0.037157
1 0.907202 0.171244 0.015697 0.035541
1 0.915512 0.15832 0.01385 0.029079
1 0.946445 0.161551 0.012927 0.029079
1 0.937673 0.263328 0.017544 0.042003
1 0.926131 0.208401 0.014774 0.038772
1 0.910434 0.393376 0.024007 0.050081
1 0.886427 0.268174 0.018467 0.038772
1 0.627886 0.177706 0.01662 0.03231