1 0.149333 0.162 0.192 0.268
1 0.285333 0.326 0.053333 0.084
1 0.294667 0.276 0.029333 0.056
1 0.328 0.248 0.026667 0.048
1 0.370667 0.248 0.026667 0.056
1 0.386667 0.288 0.032 0.064
1 0.422667 0.34 0.045333 0.072
1 0.445333 0.268 0.032 0.056
1 0.517333 0.27 0.032 0.052
1 0.664 0.274 0.032 0.044
1 0.688 0.29 0.026667 0.068
1 0.733333 0.358 0.058667 0.108
1 0.805333 0.31 0.042667 0.076
1 0.836 0.304 0.029333 0.056
1 0.941333 0.396 0.085333 0.12
1 0.944 0.32 0.053333 0.088
1 0.824 0.52 0.138667 0.216