1 0.297405 0.213523 0.01996 0.035587
1 0.341816 0.209964 0.018962 0.035587
1 0.357285 0.243772 0.015968 0.042705
1 0.372255 0.197509 0.013972 0.035587
1 0.416168 0.237544 0.031936 0.05516
1 0.387226 0.174377 0.017964 0.035587
1 0.429641 0.154804 0.018962 0.032028
1 0.448104 0.218861 0.02994 0.049822
1 0.445609 0.179715 0.012974 0.035587
1 0.458583 0.151246 0.016966 0.024911
1 0.478044 0.155694 0.015968 0.030249
1 0.487525 0.228648 0.028942 0.05516
1 0.493014 0.179715 0.013972 0.035587
1 0.506487 0.186833 0.020958 0.035587
1 0.517964 0.137011 0.017964 0.02847
1 0.537924 0.206406 0.023952 0.042705
1 0.53493 0.141459 0.015968 0.030249
1 0.557385 0.252669 0.028942 0.049822
1 0.571856 0.289146 0.025948 0.051601
1 0.5499 0.145907 0.011976 0.035587
1 0.555888 0.145018 0.01996 0.033808
1 0.585329 0.130783 0.016966 0.037367
1 0.587325 0.176157 0.016966 0.035587
1 0.618762 0.168149 0.015968 0.033808
1 0.616766 0.13879 0.013972 0.02847
1 0.631238 0.122776 0.01497 0.02847
1 0.637725 0.103203 0.013972 0.02847
1 0.656687 0.108541 0.015968 0.032028
1 0.634232 0.204626 0.020958 0.039146
1 0.626747 0.251779 0.025948 0.058719
1 0.677645 0.108541 0.011976 0.02847
1 0.690619 0.123665 0.011976 0.02669
1 0.710579 0.122776 0.013972 0.02847
1 0.661178 0.258897 0.02495 0.048043
1 0.668663 0.22242 0.021956 0.042705
1 0.698603 0.171708 0.01996 0.040925
1 0.700599 0.19395 0.01996 0.042705
1 0.709581 0.233986 0.01996 0.044484
1 0.761976 0.126335 0.018962 0.02847
1 0.737525 0.16637 0.017964 0.033808
1 0.725549 0.289146 0.025948 0.058719
1 0.749002 0.19484 0.022954 0.037367
1 0.760479 0.162811 0.015968 0.033808
1 0.770459 0.259786 0.025948 0.05694
1 0.781936 0.151246 0.018962 0.042705
1 0.792415 0.298043 0.031936 0.062278
1 0.836327 0.313167 0.025948 0.067616
1 0.806387 0.220641 0.017964 0.042705
1 0.795908 0.154804 0.012974 0.032028
1 0.808882 0.153025 0.012974 0.046263
1 0.837824 0.232206 0.022954 0.051601
1 0.82485 0.178826 0.01497 0.037367
1 0.822355 0.143238 0.013972 0.033808
1 0.840818 0.149466 0.01497 0.042705
1 0.842814 0.190391 0.012974 0.02847
1 0.868762 0.201068 0.018962 0.039146
1 0.884731 0.158363 0.022954 0.042705
1 0.912675 0.161032 0.018962 0.030249
1 0.894212 0.210854 0.015968 0.02669
1 0.882735 0.262456 0.02495 0.05516
1 0.898204 0.345196 0.033932 0.060498
1 0.917665 0.298932 0.02495 0.053381
1 0.925649 0.215302 0.01497 0.035587
1 0.937625 0.181495 0.016966 0.035587
1 0.716567 0.153025 0.023952 0.039146
1 0.657186 0.150356 0.026946 0.044484
1 0.500499 0.13879 0.020958 0.035587
1 0.444112 0.256228 0.035928 0.046263
1 0.398204 0.236655 0.013972 0.042705
1 0.945609 0.22153 0.01497 0.037367
1 0.395709 0.19306 0.01497 0.033808