1 0.12 0.335835 0.0625 0.108818
1 0.188125 0.360225 0.05875 0.108818
1 0.228125 0.414634 0.07375 0.123827
1 0.284375 0.409944 0.07125 0.125704
1 0.360625 0.445591 0.08875 0.129456
1 0.356875 0.334897 0.05375 0.080675
1 0.33 0.313321 0.0275 0.052533
1 0.5025 0.354597 0.07 0.11257
1 0.50625 0.278612 0.04 0.065666
1 0.559375 0.312383 0.05125 0.08818
1 0.588125 0.439024 0.08875 0.161351
1 0.6 0.36773 0.0625 0.090056
1 0.62125 0.311445 0.0475 0.067542
1 0.700625 0.34803 0.04875 0.103189
1 0.73375 0.489681 0.11 0.17636
1 0.7625 0.39212 0.0625 0.097561
1 0.81 0.337711 0.0575 0.11257
1 0.86875 0.41182 0.08 0.136961
1 0.963125 0.402439 0.07375 0.174484
1 0.85875 0.289869 0.0325 0.061914
1 0.9025 0.297373 0.05 0.065666
1 0.914375 0.363039 0.04625 0.103189
1 0.973125 0.300188 0.04125 0.06379
1 0.945625 0.292683 0.03375 0.067542
1 0.67375 0.291745 0.0375 0.076923