1 0.385833 0.2275 0.081667 0.13
1 0.329167 0.7325 0.101667 0.165
1 0.418333 0.4975 0.066667 0.105
1 0.485 0.51125 0.07 0.1275
1 0.594167 0.665 0.111667 0.17
1 0.626667 0.535 0.083333 0.13
1 0.635 0.445 0.046667 0.075
1 0.570833 0.36875 0.041667 0.0625
1 0.5125 0.3675 0.041667 0.07
1 0.6125 0.32375 0.035 0.0625
1 0.6625 0.32 0.041667 0.075
1 0.714167 0.42875 0.058333 0.0875
1 0.760833 0.37875 0.058333 0.0925
1 0.813333 0.33375 0.036667 0.0525
1 0.7925 0.315 0.031667 0.05
1 0.873333 0.3325 0.03 0.06
1 0.913333 0.37 0.03 0.055
1 0.931667 0.34125 0.026667 0.0425