1 0.103333 0.38 0.030667 0.052
1 0.062667 0.752 0.069333 0.14
1 0.12 0.697 0.058667 0.11
1 0.117333 0.566 0.032 0.064
1 0.15 0.608 0.041333 0.072
1 0.254667 0.536 0.034667 0.056
1 0.277333 0.772 0.066667 0.104
1 0.152 0.84 0.077333 0.144
1 0.272667 0.905 0.084 0.166
1 0.420667 0.907 0.06 0.118
1 0.434667 0.808 0.050667 0.088
1 0.538667 0.882 0.064 0.112
1 0.409333 0.686 0.04 0.064
1 0.308667 0.636 0.033333 0.06
1 0.257333 0.699 0.053333 0.066
1 0.332 0.559 0.034667 0.054
1 0.362 0.53 0.028 0.04
1 0.447333 0.606 0.044 0.052
1 0.453333 0.542 0.032 0.048
1 0.456 0.51 0.021333 0.036
1 0.509333 0.622 0.04 0.064
1 0.554667 0.592 0.037333 0.06
1 0.59 0.733 0.044 0.082
1 0.535333 0.52 0.038667 0.064
1 0.548667 0.489 0.033333 0.054
1 0.566667 0.42 0.024 0.036
1 0.639333 0.381 0.025333 0.046
1 0.626667 0.513 0.026667 0.046
1 0.646 0.597 0.038667 0.062
1 0.658667 0.556 0.026667 0.056
1 0.721333 0.693 0.042667 0.082
1 0.714667 0.78 0.058667 0.112
1 0.742667 0.558 0.037333 0.056
1 0.746667 0.517 0.034667 0.054
1 0.83 0.543 0.038667 0.062
1 0.832 0.659 0.048 0.082
1 0.846 0.748 0.057333 0.084
1 0.978667 0.707 0.042667 0.078