1 0.18375 0.486891 0.0575 0.074906
1 0.2525 0.524345 0.055 0.097378
1 0.31875 0.490637 0.0475 0.082397
1 0.37625 0.492509 0.0525 0.093633
1 0.44875 0.483146 0.0425 0.067416
1 0.55 0.505618 0.045 0.089888
1 0.51625 0.492509 0.0375 0.078652
1 0.6425 0.518727 0.045 0.071161
1 0.61875 0.473783 0.0275 0.041199
1 0.7225 0.473783 0.035 0.06367
1 0.7625 0.47191 0.03 0.052434
1 0.8 0.481273 0.035 0.06367
1 0.835 0.286517 0.055 0.093633
1 0.1225 0.47191 0.025 0.044944
1 0.085 0.473783 0.025 0.041199
1 0.06 0.453184 0.025 0.052434