1 0.051312 0.61214 0.080247 0.110082
1 0.108989 0.626286 0.05517 0.085905
1 0.123457 0.585391 0.040123 0.06893
1 0.163002 0.593364 0.052855 0.078704
1 0.278935 0.597479 0.119599 0.189815
1 0.351466 0.587191 0.039352 0.072531
1 0.432485 0.615484 0.087963 0.129115
1 0.446759 0.393261 0.048611 0.085905
1 0.543981 0.57073 0.03858 0.07356
1 0.578511 0.608025 0.065201 0.103909
1 0.600309 0.556584 0.031636 0.04321
1 0.561921 0.554012 0.022762 0.050412
1 0.652199 0.614712 0.05517 0.088477
1 0.681713 0.572788 0.03858 0.067387
1 0.70679 0.555556 0.035494 0.067901
1 0.756173 0.541924 0.025463 0.042695
1 0.85108 0.382973 0.118827 0.188786
1 0.820602 0.643004 0.149691 0.256173