1 0.0375 0.408889 0.056667 0.124444
1 0.078333 0.517037 0.061667 0.145185
1 0.130833 0.559259 0.076667 0.161481
1 0.197917 0.654074 0.119167 0.226667
1 0.225417 0.734074 0.124167 0.191111
1 0.263333 0.417037 0.066667 0.096296
1 0.31875 0.497037 0.079167 0.134815
1 0.385833 0.514815 0.068333 0.114074
1 0.432917 0.164444 0.0675 0.16
1 0.56125 0.431852 0.055833 0.117037
1 0.657083 0.725185 0.1275 0.253333
1 0.66 0.488148 0.1 0.188148
1 0.69 0.419259 0.058333 0.121481
1 0.739583 0.388889 0.0575 0.12
1 0.79125 0.406667 0.050833 0.099259
1 0.789583 0.514815 0.0825 0.134815
1 0.930833 0.43037 0.081667 0.158519
1 0.96375 0.382963 0.0625 0.111111