1 0.078125 0.665103 0.12375 0.204503
1 0.043125 0.536585 0.06625 0.11257
1 0.045 0.467167 0.05 0.071295
1 0.113125 0.4606 0.05375 0.080675
1 0.17 0.473734 0.055 0.084428
1 0.25125 0.477486 0.0575 0.091932
1 0.26875 0.677298 0.14 0.255159
1 0.351875 0.613508 0.08875 0.157598
1 0.315625 0.418386 0.04125 0.052533
1 0.363125 0.406191 0.03125 0.054409
1 0.429375 0.418386 0.02875 0.056285
1 0.466875 0.39212 0.02625 0.037523
1 0.5125 0.409944 0.0825 0.136961
1 0.564375 0.409006 0.03625 0.067542
1 0.594375 0.379925 0.02375 0.043152
1 0.700625 0.295497 0.02875 0.050657
1 0.525625 0.819887 0.13375 0.266417
1 0.724375 0.63227 0.09625 0.172608
1 0.65 0.499062 0.0575 0.116323
1 0.706875 0.43152 0.04625 0.078799
1 0.800625 0.374296 0.02875 0.054409
1 0.82625 0.373358 0.0275 0.052533
1 0.83 0.4803 0.08 0.135084
1 0.923125 0.878987 0.15375 0.238274
1 0.95875 0.674484 0.0825 0.140713
1 0.981875 0.482176 0.03625 0.138837