1 0.115098 0.470833 0.045666 0.098333
1 0.255825 0.290833 0.013979 0.025
1 0.271202 0.279167 0.014911 0.028333
1 0.303355 0.261667 0.015843 0.033333
1 0.314539 0.284167 0.015843 0.028333
1 0.351817 0.256667 0.015843 0.03
1 0.317335 0.225833 0.013979 0.031667
1 0.3411 0.220833 0.013048 0.025
1 0.353215 0.2275 0.013048 0.028333
1 0.369525 0.240833 0.017707 0.031667
1 0.411929 0.2325 0.016775 0.038333
1 0.431966 0.275833 0.021435 0.041667
1 0.386766 0.201667 0.014911 0.026667
1 0.404473 0.178333 0.014911 0.023333
1 0.422647 0.190833 0.015843 0.021667
1 0.442684 0.205 0.016775 0.03
1 0.464585 0.250833 0.023299 0.038333
1 0.467381 0.204167 0.019571 0.035
1 0.449208 0.173333 0.013048 0.03
1 0.451538 0.143333 0.013979 0.026667
1 0.479031 0.168333 0.013048 0.026667
1 0.470643 0.151667 0.013048 0.023333
1 0.486952 0.136667 0.013979 0.03
1 0.486952 0.2 0.015843 0.03
1 0.540075 0.205833 0.015843 0.028333
1 0.541938 0.1625 0.013979 0.031667
1 0.556384 0.148333 0.013048 0.03
1 0.577353 0.1675 0.015843 0.035
1 0.517241 0.143333 0.013048 0.023333
1 0.528891 0.136667 0.012116 0.023333
1 0.506524 0.170833 0.013979 0.028333
1 0.558714 0.113333 0.012116 0.023333
1 0.583411 0.135 0.011184 0.023333
1 0.590401 0.124167 0.010252 0.021667
1 0.593663 0.1025 0.013048 0.028333
1 0.610438 0.114167 0.011184 0.025
1 0.619292 0.139167 0.013979 0.025
1 0.622554 0.1025 0.011184 0.025
1 0.635601 0.11 0.013048 0.03
1 0.649115 0.114167 0.013979 0.025
1 0.662628 0.1275 0.013048 0.028333
1 0.693849 0.1 0.010252 0.03
1 0.484157 0.305 0.021435 0.056667
1 0.54287 0.2975 0.027027 0.055
1 0.561044 0.249167 0.020503 0.045
1 0.608108 0.256667 0.021435 0.05
1 0.62302 0.211667 0.017707 0.043333
1 0.659366 0.210833 0.019571 0.038333
1 0.647251 0.181667 0.015843 0.033333
1 0.679404 0.153333 0.014911 0.04
1 0.714818 0.139167 0.011184 0.028333
1 0.6589 0.255 0.020503 0.043333
1 0.67754 0.355 0.026095 0.056667
1 0.582013 0.375833 0.030755 0.055
1 0.714818 0.29 0.026095 0.046667
1 0.77493 0.291667 0.025163 0.053333
1 0.757689 0.24 0.024231 0.043333
1 0.731128 0.2125 0.017707 0.035
1 0.698509 0.225 0.019571 0.043333
1 0.690587 0.185833 0.014911 0.035
1 0.727866 0.169167 0.013048 0.031667
1 0.746505 0.143333 0.014911 0.033333
1 0.736253 0.12 0.013048 0.03
1 0.746971 0.116667 0.012116 0.03
1 0.759087 0.1275 0.015843 0.031667
1 0.766542 0.1625 0.015843 0.035
1 0.777726 0.1275 0.012116 0.031667
1 0.794501 0.178333 0.021435 0.033333
1 0.793569 0.14 0.013979 0.03
1 0.807549 0.133333 0.013979 0.03
1 0.82945 0.139167 0.014911 0.035
1 0.828984 0.175 0.013979 0.03
1 0.842964 0.1875 0.015843 0.031667
1 0.849953 0.155833 0.013048 0.035
1 0.862069 0.133333 0.013048 0.026667
1 0.879776 0.189167 0.014911 0.031667
1 0.863467 0.231667 0.015843 0.04
1 0.922181 0.2925 0.025163 0.048333
1 0.919385 0.209167 0.015843 0.041667
1 0.891426 0.170833 0.013979 0.028333
1 0.901678 0.1375 0.010252 0.025
1 0.924511 0.160833 0.014911 0.031667