1 0.046 0.389831 0.028 0.045198
1 0.077 0.402542 0.022 0.036723
1 0.1 0.405367 0.024 0.042373
1 0.129 0.399718 0.026 0.048023
1 0.144 0.411017 0.032 0.053672
1 0.195 0.436441 0.038 0.059322
1 0.227 0.388418 0.022 0.042373
1 0.256 0.388418 0.028 0.042373
1 0.284 0.394068 0.024 0.042373
1 0.321 0.388418 0.03 0.053672
1 0.358 0.405367 0.032 0.059322
1 0.4 0.396893 0.032 0.042373
1 0.386 0.365819 0.016 0.031073
1 0.432 0.391243 0.028 0.042373
1 0.467 0.388418 0.026 0.048023
1 0.402 0.450565 0.048 0.087571
1 0.447 0.456215 0.05 0.09322
1 0.511 0.391243 0.026 0.036723
1 0.506 0.371469 0.016 0.025424
1 0.568 0.394068 0.028 0.048023
1 0.576 0.362994 0.02 0.031073
1 0.6 0.377119 0.024 0.042373
1 0.63 0.391243 0.024 0.036723
1 0.64 0.368644 0.016 0.025424
1 0.655 0.379944 0.022 0.036723
1 0.679 0.388418 0.03 0.042373
1 0.673 0.361582 0.018 0.022599
1 0.697 0.378531 0.018 0.033898
1 0.71 0.364407 0.016 0.028249
1 0.737 0.382768 0.022 0.042373
1 0.752 0.365819 0.016 0.025424
1 0.782 0.388418 0.02 0.042373
1 0.784 0.365819 0.02 0.025424
1 0.824 0.367232 0.024 0.045198
1 0.883 0.377119 0.026 0.036723
1 0.579 0.485876 0.062 0.101695
1 0.715 0.451977 0.05 0.079096
1 0.817 0.449153 0.05 0.079096
1 0.797 0.412429 0.03 0.045198
1 0.88 0.426554 0.04 0.050847
1 0.905 0.402542 0.03 0.048023
1 0.933 0.485876 0.046 0.090395
1 0.961 0.449153 0.042 0.067797
1 0.989 0.409605 0.022 0.062147