1 0.041 0.636637 0.05 0.066066
1 0.042 0.582583 0.024 0.042042
1 0.073 0.573574 0.026 0.048048
1 0.083 0.780781 0.086 0.138138
1 0.156 0.63964 0.044 0.066066
1 0.221 0.596096 0.046 0.075075
1 0.251 0.668168 0.054 0.081081
1 0.291 0.615616 0.042 0.078078
1 0.344 0.642643 0.048 0.084084
1 0.374 0.626126 0.036 0.069069
1 0.443 0.632132 0.046 0.081081
1 0.471 0.687688 0.058 0.108108
1 0.512 0.484985 0.028 0.045045
1 0.54 0.644144 0.052 0.093093
1 0.611 0.926426 0.106 0.129129
1 0.674 0.716216 0.064 0.111111
1 0.669 0.644144 0.05 0.075075
1 0.639 0.60961 0.042 0.066066
1 0.72 0.642643 0.048 0.072072
1 0.715 0.599099 0.042 0.063063
1 0.861 0.648649 0.042 0.078078
1 0.903 0.749249 0.074 0.111111