1 0.088391 0.641406 0.029024 0.048438
1 0.118294 0.608594 0.03606 0.060937
1 0.102902 0.571875 0.033421 0.059375
1 0.283641 0.535156 0.092348 0.220312
1 0.344767 0.485156 0.029903 0.045312
1 0.378188 0.514062 0.031662 0.053125
1 0.399736 0.510938 0.01847 0.04375
1 0.414248 0.688281 0.056288 0.104688
1 0.394459 0.6625 0.03606 0.065625
1 0.457344 0.496094 0.024626 0.045312
1 0.510114 0.502344 0.022867 0.042188
1 0.554969 0.542969 0.024626 0.048438
1 0.578276 0.490625 0.023747 0.053125
1 0.596746 0.522656 0.025506 0.039062
1 0.611697 0.494531 0.023747 0.060937
1 0.632366 0.499219 0.022867 0.048438
1 0.670624 0.477344 0.034301 0.073438
1 0.699208 0.4875 0.026385 0.059375
1 0.71416 0.500781 0.028144 0.067187
1 0.748021 0.497656 0.03606 0.067187
1 0.787159 0.4875 0.033421 0.06875
1 0.811346 0.485938 0.025506 0.065625