1 0.137 0.785285 0.094 0.147147
1 0.263 0.423423 0.054 0.078078
1 0.394 0.657658 0.072 0.132132
1 0.552 0.876877 0.144 0.228228
1 0.604 0.633634 0.076 0.138138
1 0.653 0.599099 0.054 0.087087
1 0.6 0.509009 0.028 0.045045
1 0.65 0.465465 0.02 0.042042
1 0.683 0.478979 0.026 0.051051
1 0.747 0.48048 0.026 0.048048
1 0.752 0.572072 0.048 0.069069
1 0.772 0.684685 0.076 0.132132
1 0.781 0.493994 0.03 0.045045
1 0.799 0.45045 0.026 0.042042
1 0.873 0.462462 0.03 0.042042
1 0.923 0.463964 0.03 0.051051
1 0.937 0.866366 0.126 0.255255
1 0.907 0.593093 0.058 0.099099
1 0.948 0.566066 0.052 0.081081
1 0.927 0.540541 0.042 0.066066