1 0.145 0.361333 0.078 0.12
1 0.407 0.521333 0.026 0.04
1 0.433 0.526667 0.022 0.04
1 0.447 0.534667 0.026 0.050667
1 0.481 0.529333 0.03 0.050667
1 0.531 0.530667 0.022 0.037333
1 0.545 0.533333 0.022 0.048
1 0.562 0.525333 0.028 0.058667
1 0.591 0.56 0.034 0.058667
1 0.649 0.54 0.046 0.072
1 0.686 0.568 0.04 0.074667
1 0.742 0.585333 0.052 0.072
1 0.797 0.585333 0.05 0.072
1 0.785 0.541333 0.042 0.058667
1 0.733 0.54 0.034 0.045333
1 0.714 0.512 0.02 0.032
1 0.731 0.5 0.018 0.034667
1 0.777 0.497333 0.026 0.04
1 0.817 0.498667 0.018 0.037333
1 0.804 0.505333 0.02 0.04
1 0.854 0.544 0.032 0.042667
1 0.854 0.508 0.024 0.04
1 0.865 0.601333 0.05 0.082667
1 0.906 0.546667 0.036 0.064
1 0.969 0.593333 0.058 0.093333
1 0.944 0.58 0.04 0.072
1 0.947 0.517333 0.026 0.048
1 0.965 0.498667 0.022 0.042667
1 0.942 0.489333 0.028 0.04
1 0.924 0.477333 0.016 0.042667
1 0.877 0.505333 0.018 0.029333
1 0.992 0.494667 0.016 0.034667