1 0.271111 0.5575 0.166667 0.308333
1 0.201667 0.314167 0.087778 0.155
1 0.152778 0.2725 0.063333 0.108333
1 0.042222 0.3 0.055556 0.103333
1 0.305 0.2475 0.041111 0.078333
1 0.369444 0.310833 0.072222 0.125
1 0.396667 0.206667 0.042222 0.09
1 0.493889 0.229167 0.045556 0.095
1 0.539444 0.385 0.136667 0.236667
1 0.528889 0.205 0.046667 0.07
1 0.581667 0.2225 0.041111 0.085
1 0.612222 0.163333 0.028889 0.06
1 0.681667 0.234167 0.063333 0.115
1 0.663333 0.175 0.051111 0.083333
1 0.751667 0.328333 0.112222 0.19
1 0.766667 0.195833 0.055556 0.088333
1 0.867222 0.188333 0.056667 0.08
1 0.958333 0.2275 0.083333 0.151667
1 0.920556 0.161667 0.038889 0.07
1 0.752778 0.151667 0.034444 0.05