1 0.062778 0.340833 0.043333 0.058333
1 0.139444 0.325833 0.043333 0.061667
1 0.21 0.345833 0.066667 0.121667
1 0.258889 0.330833 0.055556 0.098333
1 0.315 0.3275 0.036667 0.061667
1 0.313889 0.293333 0.03 0.053333
1 0.357222 0.364167 0.074444 0.131667
1 0.387778 0.309167 0.035556 0.071667
1 0.421111 0.298333 0.024444 0.046667
1 0.455 0.258333 0.025556 0.043333
1 0.487222 0.266667 0.025556 0.043333
1 0.500556 0.259167 0.018889 0.035
1 0.501667 0.390833 0.083333 0.161667
1 0.561667 0.315833 0.036667 0.068333
1 0.483889 0.318333 0.056667 0.066667
1 0.582778 0.284167 0.032222 0.045
1 0.601667 0.333333 0.054444 0.106667
1 0.674444 0.320833 0.091111 0.181667
1 0.753889 0.34 0.056667 0.146667
1 0.743889 0.2575 0.03 0.048333
1 0.767778 0.216667 0.022222 0.043333
1 0.798889 0.251667 0.024444 0.046667
1 0.807222 0.32 0.043333 0.086667
1 0.841667 0.293333 0.034444 0.07
1 0.844444 0.249167 0.022222 0.045
1 0.848889 0.215 0.024444 0.043333
1 0.81 0.2275 0.024444 0.038333
1 0.92 0.3375 0.104444 0.185
1 0.894444 0.195833 0.028889 0.041667