1 0.696875 0.409006 0.02375 0.041276
1 0.83375 0.63227 0.0575 0.101313
1 0.711875 0.658537 0.05875 0.082552
1 0.61125 0.598499 0.045 0.078799
1 0.501875 0.595685 0.06625 0.118199
1 0.44 0.558161 0.0425 0.065666
1 0.40125 0.590056 0.05 0.08818
1 0.385625 0.537523 0.03125 0.061914
1 0.33125 0.554409 0.055 0.076923
1 0.339375 0.5197 0.03375 0.052533
1 0.27125 0.555347 0.05 0.078799
1 0.2075 0.574109 0.0425 0.052533
1 0.19375 0.530957 0.0325 0.060038
1 0.14625 0.602251 0.0925 0.135084
1 0.066875 0.594747 0.07125 0.116323
1 0.025625 0.56848 0.04875 0.078799