1 0.208973 0.351464 0.03778 0.079498
1 0.27804 0.266736 0.01771 0.031381
1 0.326446 0.280335 0.020071 0.037657
1 0.340024 0.25523 0.01889 0.037657
1 0.421488 0.280335 0.01889 0.041841
1 0.436836 0.225941 0.014168 0.033473
1 0.417946 0.216527 0.01889 0.035565
1 0.362456 0.211297 0.016529 0.033473
1 0.378985 0.199791 0.014168 0.023013
1 0.417355 0.174686 0.012987 0.027197
1 0.458087 0.214435 0.016529 0.035565
1 0.46222 0.195607 0.015348 0.027197
1 0.441558 0.15795 0.014168 0.031381
1 0.476978 0.133891 0.009445 0.016736
1 0.486423 0.17364 0.014168 0.025105
1 0.468123 0.170502 0.010626 0.027197
1 0.459858 0.15795 0.012987 0.023013
1 0.5366 0.16318 0.015348 0.025105
1 0.525384 0.202929 0.016529 0.029289
1 0.513577 0.135983 0.016529 0.029289
1 0.55608 0.171548 0.016529 0.029289
1 0.572019 0.155858 0.012987 0.031381
1 0.551948 0.124477 0.012987 0.023013
1 0.582054 0.105649 0.011806 0.023013
1 0.602715 0.118201 0.010626 0.031381
1 0.678276 0.101464 0.010626 0.023013
1 0.472845 0.323222 0.024793 0.039749
1 0.542503 0.302301 0.022432 0.052301
1 0.590319 0.33682 0.030697 0.050209
1 0.66588 0.330544 0.030697 0.062762
1 0.565525 0.24477 0.01889 0.046025
1 0.600945 0.25523 0.01889 0.041841
1 0.609209 0.207113 0.016529 0.046025
1 0.661157 0.206067 0.021251 0.043933
1 0.667651 0.160042 0.015348 0.035565
1 0.681228 0.187238 0.016529 0.035565
1 0.695986 0.216527 0.022432 0.043933
1 0.699528 0.146444 0.012987 0.025105
1 0.727273 0.125523 0.016529 0.029289
1 0.744392 0.114017 0.015348 0.031381
1 0.739079 0.066946 0.014168 0.029289
1 0.757379 0.132845 0.012987 0.023013
1 0.74144 0.15272 0.016529 0.025105
1 0.731995 0.166318 0.014168 0.027197
1 0.743211 0.193515 0.015348 0.035565
1 0.70307 0.281381 0.027155 0.052301
1 0.651712 0.264644 0.021251 0.043933
1 0.762692 0.314854 0.025974 0.052301
1 0.860685 0.226987 0.01889 0.043933
1 0.911452 0.185146 0.016529 0.031381
1 0.956907 0.176778 0.020071 0.052301
1 0.893152 0.133891 0.010626 0.025105
1 0.875443 0.132845 0.012987 0.023013
1 0.863636 0.133891 0.015348 0.025105
1 0.853601 0.143305 0.009445 0.027197
1 0.846517 0.154812 0.014168 0.025105
1 0.836482 0.174686 0.012987 0.027197
1 0.872491 0.182008 0.014168 0.029289
1 0.809327 0.164226 0.010626 0.023013
1 0.816411 0.135983 0.015348 0.025105
1 0.804014 0.129707 0.011806 0.029289
1 0.791617 0.141213 0.012987 0.023013
1 0.789847 0.1841 0.021251 0.041841