1 0.158943 0.353279 0.030584 0.063934
1 0.282206 0.24918 0.012048 0.02623
1 0.303985 0.240984 0.011121 0.032787
1 0.299815 0.27459 0.013902 0.02459
1 0.356348 0.268852 0.017609 0.039344
1 0.377665 0.285246 0.019462 0.042623
1 0.36747 0.196721 0.015755 0.029508
1 0.384615 0.230328 0.016682 0.031148
1 0.3962 0.198361 0.013902 0.029508
1 0.443003 0.227869 0.018536 0.039344
1 0.472196 0.233607 0.019462 0.037705
1 0.511585 0.210656 0.016682 0.037705
1 0.544486 0.183607 0.013902 0.029508
1 0.617702 0.105738 0.010195 0.021311
1 0.641798 0.107377 0.012048 0.02459
1 0.673772 0.104918 0.011121 0.02623
1 0.698795 0.105738 0.011121 0.02459
1 0.485171 0.32459 0.030584 0.055738
1 0.568119 0.252459 0.018536 0.045902
1 0.566265 0.30082 0.020389 0.054098
1 0.601019 0.330328 0.02317 0.063934
1 0.627433 0.212295 0.014829 0.034426
1 0.625116 0.260656 0.019462 0.042623
1 0.657553 0.214754 0.019462 0.036066
1 0.660797 0.17377 0.014829 0.032787
1 0.680259 0.186885 0.016682 0.042623
1 0.68721 0.314754 0.032437 0.062295
1 0.741891 0.120492 0.012048 0.031148
1 0.726135 0.195082 0.021316 0.04918
1 0.720575 0.27541 0.021316 0.052459
1 0.775255 0.161475 0.015755 0.034426
1 0.765987 0.218852 0.013902 0.044262
1 0.780816 0.208197 0.015755 0.039344
1 0.757183 0.332787 0.029657 0.065574
1 0.78962 0.283607 0.018536 0.04918
1 0.805839 0.241803 0.015755 0.047541
1 0.793327 0.397541 0.024096 0.070492
1 0.827618 0.316393 0.022243 0.059016
1 0.906395 0.436885 0.029657 0.077049
1 0.902688 0.32459 0.020389 0.059016
1 0.86747 0.263934 0.018536 0.042623
1 0.874884 0.204918 0.018536 0.045902
1 0.927247 0.247541 0.021316 0.036066
1 0.917053 0.216393 0.013902 0.032787
1 0.797498 0.158197 0.015755 0.031148
1 0.820204 0.140984 0.012975 0.032787
1 0.833179 0.142623 0.011121 0.032787
1 0.851715 0.17459 0.014829 0.031148
1 0.860519 0.136885 0.012048 0.034426
1 0.900834 0.14918 0.011121 0.02623
1 0.92354 0.158197 0.012048 0.021311
1 0.855422 0.147541 0.009268 0.02623
1 0.824374 0.211475 0.017609 0.042623
1 0.765524 0.131967 0.011121 0.031148
1 0.753939 0.146721 0.015755 0.037705
1 0.613531 0.140984 0.012975 0.029508
1 0.595922 0.108197 0.009268 0.02623
1 0.587581 0.12377 0.011121 0.02459
1 0.556534 0.122951 0.010195 0.02623
1 0.563948 0.134426 0.012048 0.02623
1 0.58202 0.142623 0.012975 0.032787
1 0.575996 0.168852 0.013902 0.032787
1 0.597312 0.165574 0.015755 0.029508
1 0.513438 0.15082 0.012975 0.02623
1 0.52456 0.17377 0.014829 0.032787
1 0.44949 0.166393 0.012975 0.02459
1 0.487952 0.172951 0.013902 0.031148
1 0.484245 0.197541 0.015755 0.037705
1 0.413809 0.17541 0.010195 0.022951
1 0.644578 0.138525 0.008341 0.027869
1 0.908248 0.272131 0.016682 0.04918