1 0.874333 0.367956 0.03 0.059669
1 0.695667 0.424309 0.024667 0.041989
1 0.616 0.368508 0.025333 0.045304
1 0.595333 0.368508 0.017333 0.043094
1 0.576333 0.362983 0.020667 0.038674
1 0.566 0.38011 0.026667 0.048619
1 0.539333 0.380663 0.030667 0.060773
1 0.513333 0.385083 0.030667 0.051934
1 0.409667 0.391713 0.043333 0.074033
1 0.347333 0.406077 0.052 0.089503
1 0.261667 0.380663 0.059333 0.100552
1 0.167333 0.398895 0.057333 0.106077
1 0.099333 0.375691 0.078667 0.154696
1 0.045 0.266851 0.05 0.102762
1 0.146 0.277348 0.054667 0.088398
1 0.236667 0.28674 0.044 0.087293
1 0.281667 0.281215 0.038 0.074033
1 0.274333 0.214917 0.032667 0.060773
1 0.184667 0.232044 0.033333 0.075138
1 0.179333 0.18232 0.033333 0.053039
1 0.138 0.181215 0.032 0.059669
1 0.125333 0.234254 0.034667 0.072928
1 0.083 0.167956 0.039333 0.072928
1 0.036 0.190055 0.041333 0.070718
1 0.021667 0.144751 0.040667 0.064088
1 0.315333 0.245304 0.028 0.053039
1 0.359667 0.257459 0.031333 0.053039
1 0.384 0.272376 0.025333 0.049724
1 0.379 0.233702 0.022 0.038674
1 0.399 0.238122 0.016667 0.040884
1 0.42 0.289503 0.028 0.064088
1 0.437 0.279558 0.018 0.050829
1 0.454333 0.275691 0.018 0.036464
1 0.456667 0.309945 0.029333 0.054144
1 0.488667 0.308287 0.024 0.053039
1 0.481333 0.28453 0.018667 0.040884
1 0.511333 0.316575 0.022667 0.047514
1 0.527667 0.31547 0.027333 0.056354
1 0.550667 0.31768 0.024 0.049724