1 0.048 0.634667 0.044 0.069333
1 0.028 0.577333 0.036 0.050667
1 0.055 0.577333 0.034 0.045333
1 0.11 0.649333 0.052 0.077333
1 0.042 0.82 0.08 0.157333
1 0.158 0.574667 0.028 0.050667
1 0.192 0.625333 0.048 0.061333
1 0.234 0.670667 0.068 0.082667
1 0.206 0.573333 0.032 0.042667
1 0.231 0.561333 0.03 0.04
1 0.253 0.629333 0.054 0.058667
1 0.294 0.618667 0.044 0.064
1 0.31 0.581333 0.028 0.037333
1 0.37 0.577333 0.032 0.050667
1 0.402 0.578667 0.02 0.032
1 0.561 0.498667 0.026 0.026667
1 0.629 0.598667 0.038 0.050667
1 0.601 0.573333 0.022 0.026667
1 0.64 0.548 0.024 0.029333
1 0.676 0.570667 0.028 0.032
1 0.719 0.578667 0.034 0.042667
1 0.68 0.633333 0.044 0.056
1 0.751 0.7 0.07 0.114667
1 0.829 0.650667 0.054 0.069333
1 0.812 0.589333 0.036 0.048
1 0.789 0.581333 0.03 0.053333
1 0.787 0.554667 0.026 0.037333
1 0.848 0.574667 0.04 0.061333
1 0.882 0.58 0.032 0.050667
1 0.953 0.585333 0.034 0.045333
1 0.924 0.638667 0.04 0.061333
1 0.917 0.572 0.026 0.056
1 0.891 0.678667 0.054 0.072
1 0.969 0.789333 0.062 0.197333