1 0.102809 0.265531 0.019101 0.038076
1 0.373596 0.203407 0.021348 0.038076
1 0.421348 0.211423 0.01573 0.038076
1 0.451685 0.225451 0.017978 0.042084
1 0.564607 0.187375 0.016854 0.038076
1 0.570787 0.160321 0.01573 0.032064
1 0.63427 0.125251 0.014607 0.03006
1 0.673596 0.180361 0.016854 0.036072
1 0.68427 0.223447 0.022472 0.042084
1 0.67809 0.261523 0.021348 0.0501
1 0.643258 0.315631 0.030337 0.054108
1 0.628652 0.271543 0.021348 0.042084
1 0.623596 0.224449 0.024719 0.04008
1 0.935393 0.245491 0.016854 0.034068