1 0.07875 0.443715 0.0125 0.02439
1 0.58 0.942777 0.0925 0.106942
1 0.6625 0.811445 0.0725 0.110694
1 0.694375 0.690432 0.05875 0.082552
1 0.713125 0.622889 0.04375 0.067542
1 0.7275 0.56848 0.035 0.045028
1 0.720625 0.533771 0.03625 0.046904
1 0.735625 0.511257 0.02875 0.043152
1 0.71625 0.484053 0.025 0.033771
1 0.1625 0.888368 0.0725 0.099437
1 0.34 0.839587 0.0625 0.08818
1 0.42875 0.69606 0.05 0.078799
1 0.496875 0.654784 0.03875 0.067542
1 0.551875 0.601313 0.04125 0.065666
1 0.5875 0.554409 0.04 0.065666
1 0.614375 0.530957 0.03625 0.056285
1 0.63 0.512195 0.0275 0.04878
1 0.63875 0.482176 0.025 0.033771
1 0.02375 0.77955 0.0425 0.084428
1 0.114375 0.719512 0.04875 0.076923
1 0.033125 0.668856 0.03375 0.046904
1 0.105 0.636023 0.0325 0.052533
1 0.049375 0.595685 0.02875 0.043152
1 0.045 0.549719 0.0275 0.037523
1 0.053125 0.529081 0.02125 0.030019
1 0.058125 0.498124 0.01875 0.02439
1 0.1 0.562852 0.0325 0.04878
1 0.10875 0.537523 0.02 0.02439
1 0.1 0.511257 0.0175 0.02439
1 0.13 0.483114 0.0175 0.020638
1 0.13875 0.500938 0.0175 0.026266
1 0.15125 0.514071 0.02 0.033771
1 0.16375 0.542214 0.025 0.041276
1 0.173125 0.602251 0.03125 0.056285
1 0.233125 0.67636 0.04625 0.076923
1 0.310625 0.638837 0.04375 0.061914
1 0.25875 0.577861 0.0325 0.045028
1 0.21375 0.535647 0.0275 0.0394
1 0.20125 0.505629 0.02 0.035647
1 0.18625 0.485929 0.0175 0.026266
1 0.16875 0.469043 0.015 0.022514
1 0.203125 0.465291 0.01625 0.022514
1 0.219375 0.471857 0.01625 0.028143
1 0.24 0.490619 0.02 0.028143
1 0.268125 0.508443 0.02625 0.037523
1 0.310625 0.531895 0.02625 0.035647
1 0.383125 0.565666 0.03375 0.058161
1 0.44125 0.537523 0.0375 0.061914
1 0.48 0.522514 0.0325 0.046904
1 0.39625 0.485929 0.0275 0.037523
1 0.37 0.511257 0.0225 0.043152
1 0.356875 0.474672 0.02125 0.041276
1 0.31375 0.487805 0.0225 0.041276
1 0.2825 0.466229 0.02 0.02439
1 0.265 0.444653 0.015 0.022514
1 0.231875 0.450281 0.01625 0.018762
1 0.314375 0.449343 0.02125 0.028143
1 0.313125 0.422139 0.01625 0.022514
1 0.330625 0.409006 0.01375 0.022514
1 0.34625 0.406191 0.015 0.020638
1 0.359375 0.423077 0.01375 0.02439
1 0.336875 0.430582 0.01625 0.02439
1 0.339375 0.453096 0.01375 0.020638
1 0.375 0.439024 0.015 0.026266
1 0.410625 0.450281 0.01625 0.026266
1 0.394375 0.429644 0.01375 0.026266
1 0.376875 0.413696 0.01375 0.02439
1 0.393125 0.407129 0.01625 0.022514
1 0.40625 0.407129 0.015 0.026266
1 0.39 0.383677 0.01 0.020638
1 0.39875 0.378049 0.015 0.020638
1 0.441875 0.379925 0.01625 0.020638
1 0.43125 0.418386 0.015 0.026266
1 0.443125 0.407129 0.01375 0.026266
1 0.45625 0.403377 0.015 0.018762
1 0.43875 0.438086 0.0175 0.02439
1 0.45125 0.434334 0.02 0.02439
1 0.47125 0.421201 0.015 0.02439
1 0.480625 0.417448 0.01125 0.02439
1 0.499375 0.409006 0.01875 0.022514
1 0.451875 0.484053 0.02375 0.041276
1 0.46625 0.469981 0.0225 0.031895
1 0.495 0.454972 0.025 0.031895
1 0.50875 0.447467 0.02 0.031895
1 0.5225 0.433396 0.0125 0.026266
1 0.534375 0.420263 0.01625 0.022514
1 0.544375 0.41651 0.01125 0.022514
1 0.55375 0.402439 0.015 0.020638
1 0.570625 0.38743 0.01375 0.020638
1 0.51375 0.493433 0.03 0.041276
1 0.53875 0.469981 0.0225 0.043152
1 0.5575 0.461538 0.02 0.037523
1 0.56875 0.45122 0.015 0.028143
1 0.58 0.439962 0.0175 0.02439
1 0.59 0.419325 0.0175 0.02439
1 0.599375 0.408068 0.01375 0.028143
1 0.604375 0.395872 0.01625 0.018762
1 0.61125 0.384615 0.01 0.018762
1 0.89625 0.881801 0.085 0.146341
1 0.8725 0.742964 0.0675 0.101313
1 0.865625 0.661351 0.05125 0.076923
1 0.85125 0.590994 0.045 0.06379
1 0.835625 0.549719 0.03375 0.045028
1 0.823125 0.520638 0.02875 0.035647
1 0.8175 0.49531 0.03 0.037523
1 0.799375 0.477486 0.02375 0.0394
1 0.79625 0.456848 0.02 0.035647
1 0.78375 0.445591 0.02 0.02439
1 0.78 0.43152 0.015 0.026266
1 0.769375 0.426829 0.00875 0.02439
1 0.76625 0.417448 0.0125 0.020638
1 0.75625 0.413696 0.015 0.020638
1 0.751875 0.402439 0.01125 0.020638
1 0.748125 0.39212 0.01125 0.022514
1 0.72875 0.390244 0.0125 0.018762
1 0.735 0.401501 0.0125 0.018762
1 0.703125 0.396811 0.01375 0.020638
1 0.706875 0.421201 0.01875 0.028143
1 0.7225 0.452158 0.0175 0.026266
1 0.654375 0.465291 0.01375 0.022514
1 0.645625 0.435272 0.01625 0.022514
1 0.65125 0.419325 0.015 0.02439
1 0.65625 0.401501 0.015 0.030019