1 0.078125 0.583333 0.08375 0.153333
1 0.036875 0.502222 0.06375 0.093333
1 0.05375 0.413333 0.035 0.071111
1 0.0375 0.357778 0.04 0.062222
1 0.11 0.43 0.0475 0.1
1 0.116875 0.371111 0.03625 0.071111
1 0.160625 0.363333 0.03125 0.06
1 0.170625 0.441111 0.06125 0.108889
1 0.234375 0.41 0.03875 0.082222
1 0.286875 0.373333 0.03375 0.057778
1 0.3125 0.441111 0.055 0.091111
1 0.2875 0.548889 0.07 0.133333
1 0.260625 0.697778 0.12875 0.222222
1 0.48 0.591111 0.095 0.186667
1 0.410625 0.484444 0.05875 0.12
1 0.40125 0.387778 0.0275 0.077778
1 0.36875 0.361111 0.0275 0.055556
1 0.433125 0.384444 0.03125 0.057778
1 0.47125 0.398889 0.0325 0.073333
1 0.4675 0.341111 0.0275 0.055556
1 0.534375 0.421111 0.03625 0.073333
1 0.54375 0.383333 0.03 0.046667
1 0.536875 0.343333 0.02625 0.042222
1 0.55125 0.333333 0.02 0.044444
1 0.5725 0.337778 0.02 0.053333
1 0.635625 0.54 0.07875 0.142222
1 0.618125 0.398889 0.03875 0.077778
1 0.61375 0.356667 0.025 0.046667
1 0.655625 0.361111 0.02875 0.06
1 0.68875 0.43 0.0525 0.1
1 0.695 0.368889 0.0325 0.048889
1 0.735 0.388889 0.0325 0.075556
1 0.76375 0.441111 0.05 0.104444
1 0.7575 0.354444 0.0275 0.068889
1 0.91125 0.416667 0.045 0.086667
1 0.88625 0.376667 0.03 0.064444
1 0.97625 0.488889 0.0475 0.151111
1 0.960625 0.444444 0.05375 0.12
1 0.936875 0.388889 0.03375 0.08
1 0.9775 0.378889 0.035 0.077778