1 0.175781 0.539583 0.098437 0.158333
1 0.11875 0.433333 0.046875 0.0625
1 0.166406 0.43125 0.045312 0.066667
1 0.194531 0.422917 0.039062 0.066667
1 0.396094 0.416667 0.042188 0.0625
1 0.5375 0.434375 0.03125 0.05625
1 0.600781 0.504167 0.082812 0.129167
1 0.657813 0.428125 0.05 0.077083
1 0.567187 0.321875 0.03125 0.04375
1 0.739062 0.40625 0.040625 0.058333
1 0.8 0.447917 0.053125 0.075
1 0.85625 0.397917 0.034375 0.045833
1 0.910937 0.448958 0.05 0.077083
1 0.917188 0.408333 0.028125 0.041667
1 0.985156 0.41875 0.029687 0.041667
1 0.969531 0.414583 0.023438 0.045833
1 0.739062 0.532292 0.103125 0.147917
1 0.657031 0.858333 0.182812 0.275