1 0.084375 0.802108 0.115625 0.199063
1 0.053906 0.687354 0.079687 0.128806
1 0.185156 0.771663 0.079687 0.124122
1 0.221094 0.649883 0.070312 0.11007
1 0.298438 0.825527 0.153125 0.264637
1 0.377344 0.752927 0.095312 0.175644
1 0.392969 0.679157 0.079687 0.131148
1 0.513281 0.468384 0.064062 0.12178
1 0.472656 0.733021 0.073438 0.149883
1 0.55 0.809133 0.1 0.203747
1 0.557031 0.686183 0.098437 0.145199
1 0.645312 0.686183 0.0625 0.117096
1 0.686719 0.706089 0.079687 0.128806
1 0.690625 0.813817 0.15625 0.189696
1 0.703125 0.918033 0.146875 0.163934
1 0.871875 0.912178 0.19375 0.175644
1 0.842187 0.779859 0.128125 0.192037
1 0.857812 0.673302 0.065625 0.114754
1 0.814844 0.661593 0.054688 0.105386
1 0.9 0.754098 0.084375 0.173302