1 0.014167 0.41922 0.025 0.064067
1 0.065 0.465181 0.026667 0.050139
1 0.095 0.449861 0.026667 0.047354
1 0.123333 0.437326 0.026667 0.061281
1 0.16 0.440111 0.043333 0.077994
1 0.241667 0.413649 0.063333 0.103064
1 0.29 0.428969 0.033333 0.077994
1 0.355 0.44429 0.026667 0.052925
1 0.419167 0.440111 0.035 0.077994
1 0.3825 0.458217 0.018333 0.041783
1 0.3375 0.455432 0.015 0.030641
1 0.326667 0.466574 0.016667 0.036212
1 0.461667 0.452646 0.026667 0.052925
1 0.525833 0.41922 0.055 0.114206
1 0.601667 0.435933 0.04 0.097493
1 0.636667 0.461003 0.03 0.069638
1 0.703333 0.466574 0.036667 0.08078
1 0.759167 0.495822 0.018333 0.050139
1 0.9675 0.377437 0.025 0.047354
1 0.953333 0.37883 0.023333 0.050139