1 0.064471 0.415833 0.041744 0.091667
1 0.099722 0.405 0.043599 0.09
1 0.195733 0.27 0.024119 0.046667
1 0.318182 0.2075 0.024119 0.045
1 0.353432 0.23 0.022263 0.046667
1 0.376623 0.2175 0.027829 0.058333
1 0.394249 0.194167 0.016698 0.035
1 0.517161 0.071667 0.013915 0.033333
1 0.557514 0.065 0.012987 0.03
1 0.554731 0.21 0.029685 0.06
1 0.613173 0.285833 0.027829 0.065
1 0.577922 0.145 0.024119 0.053333
1 0.612709 0.18 0.028757 0.056667
1 0.617347 0.1275 0.023191 0.048333
1 0.651206 0.136667 0.025974 0.06
1 0.646104 0.193333 0.026902 0.063333
1 0.697588 0.186667 0.024119 0.036667