1 0.10125 0.477366 0.0875 0.139918
1 0.12 0.364198 0.05 0.09465
1 0.16875 0.337449 0.0425 0.074074
1 0.0425 0.308642 0.045 0.057613
1 0.2425 0.471193 0.085 0.135802
1 0.21625 0.351852 0.0375 0.061728
1 0.25625 0.345679 0.0375 0.065844
1 0.345 0.37037 0.05 0.090535
1 0.39875 0.399177 0.0575 0.098765
1 0.395 0.534979 0.105 0.18107
1 0.4825 0.358025 0.045 0.090535
1 0.54625 0.411523 0.0525 0.098765
1 0.5725 0.345679 0.04 0.074074
1 0.62125 0.393004 0.0525 0.09465
1 0.69 0.349794 0.05 0.090535
1 0.635 0.792181 0.155 0.283951
1 0.765 0.623457 0.115 0.185185
1 0.83125 0.479424 0.0875 0.144033
1 0.86125 0.423868 0.0725 0.123457
1 0.9 0.372428 0.065 0.111111
1 0.7375 0.17284 0.06 0.098765