1 0.4125 0.265766 0.021 0.033033
1 0.1575 0.399399 0.027 0.042042
1 0.108 0.445195 0.03 0.043544
1 0.1015 0.408408 0.027 0.039039
1 0.041 0.475225 0.038 0.052553
1 0.059 0.444444 0.028 0.042042
1 0.036 0.406907 0.03 0.048048
1 0.148 0.531532 0.052 0.081081
1 0.255 0.654655 0.098 0.132132
1 0.4295 0.863363 0.163 0.222222
1 0.4555 0.593093 0.081 0.165165
1 0.49 0.524024 0.046 0.087087
1 0.5135 0.429429 0.035 0.048048
1 0.52 0.391892 0.026 0.042042
1 0.4695 0.392643 0.021 0.037538
1 0.4515 0.451952 0.033 0.048048
1 0.425 0.473724 0.034 0.052553
1 0.4445 0.426426 0.023 0.042042
1 0.4055 0.414414 0.025 0.039039
1 0.3655 0.455706 0.031 0.052553
1 0.307 0.506006 0.038 0.069069
1 0.336 0.52027 0.03 0.055556
1 0.2615 0.510511 0.051 0.09009
1 0.253 0.457207 0.036 0.052553
1 0.319 0.445195 0.03 0.043544
1 0.335 0.406156 0.034 0.046547
1 0.567 0.398649 0.024 0.034535
1 0.584 0.416667 0.036 0.034535
1 0.589 0.447447 0.03 0.039039
1 0.598 0.504505 0.04 0.069069
1 0.6305 0.529279 0.057 0.085586
1 0.712 0.597598 0.094 0.123123
1 0.912 0.823574 0.176 0.313814
1 0.9615 0.595345 0.077 0.160661
1 0.8185 0.515015 0.055 0.084084
1 0.7665 0.548799 0.053 0.085586
1 0.8485 0.493994 0.033 0.057057
1 0.808 0.4497 0.038 0.061562
1 0.784 0.430931 0.032 0.051051
1 0.7265 0.506757 0.041 0.070571
1 0.687 0.514264 0.044 0.064565
1 0.6575 0.465465 0.029 0.042042
1 0.6495 0.436186 0.029 0.037538
1 0.6455 0.397147 0.027 0.043544
1 0.6275 0.391141 0.019 0.028529
1 0.7325 0.375375 0.025 0.039039
1 0.7435 0.406907 0.027 0.036036
1 0.724 0.427928 0.03 0.042042
1 0.7365 0.466967 0.033 0.045045
1 0.8795 0.378378 0.029 0.048048
1 0.9415 0.410661 0.031 0.055556
1 0.9445 0.385135 0.025 0.037538
1 0.9895 0.379129 0.021 0.046547