1 0.043 0.645646 0.078 0.12012
1 0.114 0.605105 0.06 0.099099
1 0.153 0.462462 0.038 0.048048
1 0.122 0.472973 0.024 0.045045
1 0.199 0.486486 0.022 0.048048
1 0.23 0.493994 0.032 0.057057
1 0.256 0.608108 0.068 0.117117
1 0.16 0.543544 0.048 0.06006
1 0.282 0.490991 0.032 0.051051
1 0.291 0.457958 0.026 0.039039
1 0.334 0.435435 0.02 0.03003
1 0.321 0.483483 0.026 0.042042
1 0.344 0.540541 0.052 0.072072
1 0.402 0.518018 0.04 0.051051
1 0.438 0.513514 0.044 0.072072
1 0.424 0.463964 0.024 0.033033
1 0.489 0.48048 0.034 0.054054
1 0.519 0.472973 0.026 0.051051
1 0.498 0.442943 0.016 0.033033
1 0.532 0.442943 0.024 0.039039
1 0.555 0.474474 0.034 0.054054
1 0.657 0.447447 0.03 0.042042
1 0.544 0.696697 0.092 0.192192
1 0.609 0.692192 0.078 0.141141
1 0.713 0.51952 0.082 0.156156
1 0.766 0.503003 0.044 0.087087
1 0.793 0.465465 0.042 0.066066
1 0.834 0.618619 0.072 0.144144
1 0.853 0.774775 0.126 0.204204
1 0.873 0.543544 0.066 0.096096
1 0.876 0.459459 0.036 0.054054
1 0.837 0.481982 0.03 0.057057