1 0.059933 0.35875 0.057714 0.044167
1 0.127636 0.347083 0.048835 0.039167
1 0.221976 0.332917 0.042175 0.030833
1 0.233629 0.438333 0.114317 0.085
1 0.281354 0.395 0.081021 0.063333
1 0.337958 0.347917 0.063263 0.044167
1 0.398446 0.326667 0.053274 0.035
1 0.750832 0.434583 0.09212 0.074167
1 0.666482 0.38 0.067703 0.06
1 0.647059 0.356667 0.051054 0.036667
1 0.596004 0.339583 0.048835 0.040833
1 0.814095 0.330833 0.045505 0.033333
1 0.842397 0.337083 0.051054 0.0375
1 0.930633 0.365 0.072142 0.045