1 0.036667 0.522005 0.046667 0.080685
1 0.1625 0.537897 0.041667 0.06846
1 0.235833 0.557457 0.051667 0.07824
1 0.343333 0.57824 0.063333 0.100244
1 0.354167 0.522005 0.038333 0.061125
1 0.540833 0.690709 0.055 0.080685
1 0.460833 0.533007 0.041667 0.06846
1 0.436667 0.52445 0.036667 0.051345
1 0.520833 0.528117 0.038333 0.07335
1 0.643333 0.682152 0.096667 0.180929
1 0.764167 0.650367 0.081667 0.166259
1 0.683333 0.545232 0.033333 0.07335
1 0.73 0.53912 0.026667 0.051345
1 0.9775 0.575795 0.041667 0.090465
1 0.660833 0.52445 0.035 0.051345