1 0.05 0.502667 0.08 0.104
1 0.024 0.417333 0.044 0.082667
1 0.155 0.434667 0.07 0.090667
1 0.152 0.388 0.064 0.072
1 0.124 0.316 0.044 0.066667
1 0.266 0.301333 0.048 0.058667
1 0.335 0.297333 0.038 0.061333
1 0.292 0.364 0.048 0.072
1 0.317 0.429333 0.07 0.096
1 0.259 0.572 0.094 0.136
1 0.373 0.369333 0.05 0.066667
1 0.458 0.4 0.056 0.074667
1 0.455 0.34 0.042 0.056
1 0.43 0.508 0.076 0.125333
1 0.556 0.521333 0.084 0.109333
1 0.594 0.726667 0.136 0.194667
1 0.806 0.596 0.116 0.157333
1 0.694 0.425333 0.06 0.093333
1 0.77 0.413333 0.06 0.085333
1 0.816 0.425333 0.044 0.082667
1 0.758 0.36 0.044 0.053333
1 0.758 0.329333 0.032 0.050667
1 0.796 0.330667 0.04 0.064
1 0.67 0.313333 0.032 0.056
1 0.637 0.326667 0.038 0.056
1 0.604 0.369333 0.048 0.061333
1 0.578 0.338667 0.036 0.053333
1 0.537 0.364 0.05 0.072
1 0.903 0.352 0.05 0.069333
1 0.937 0.348 0.042 0.072