1 0.1975 0.15037 0.071667 0.155556
1 0.040833 0.581481 0.076667 0.158519
1 0.08 0.46963 0.048333 0.100741
1 0.139583 0.448148 0.054167 0.108148
1 0.190417 0.53037 0.0925 0.133333
1 0.262917 0.40963 0.039167 0.078519
1 0.350833 0.465926 0.076667 0.128889
1 0.3675 0.602222 0.105 0.191111
1 0.362917 0.393333 0.0375 0.078519
1 0.394167 0.402222 0.038333 0.105185
1 0.535 0.244444 0.061667 0.124444
1 0.4675 0.515556 0.08 0.157037
1 0.51125 0.699259 0.125833 0.275556
1 0.620417 0.51037 0.100833 0.179259
1 0.670417 0.442963 0.074167 0.171852
1 0.714583 0.401481 0.074167 0.127407
1 0.716667 0.331111 0.04 0.084444
1 0.622917 0.342963 0.0375 0.093333
1 0.842083 0.466667 0.075833 0.154074
1 0.895 0.535556 0.12 0.197037
1 0.981667 0.437778 0.035 0.114074
1 0.961667 0.374074 0.061667 0.108148
1 0.955833 0.305185 0.05 0.094815
1 0.806667 0.419259 0.071667 0.127407
1 0.81 0.332593 0.05 0.075556
1 0.82375 0.296296 0.0325 0.059259