1 0.067 0.450342 0.13 0.284247
1 0.116 0.375 0.032 0.065068
1 0.153 0.400685 0.046 0.089041
1 0.208 0.434932 0.068 0.123288
1 0.25 0.491438 0.044 0.119863
1 0.231 0.64726 0.078 0.157534
1 0.289 0.436644 0.042 0.078767
1 0.291 0.386986 0.026 0.047945
1 0.318 0.416096 0.028 0.065068
1 0.346 0.441781 0.04 0.089041
1 0.367 0.388699 0.026 0.05137
1 0.405 0.424658 0.034 0.061644
1 0.46 0.42637 0.036 0.071918
1 0.493 0.436644 0.03 0.058219
1 0.535 0.446918 0.038 0.065068
1 0.532 0.494863 0.044 0.085616
1 0.587 0.44863 0.034 0.075342
1 0.644 0.464041 0.032 0.058219
1 0.656 0.503425 0.04 0.068493
1 0.681 0.440068 0.03 0.058219
1 0.682 0.375 0.032 0.065068
1 0.774 0.268836 0.044 0.113014
1 0.881 0.34589 0.03 0.061644
1 0.237 0.40411 0.026 0.054795
1 0.21 0.368151 0.032 0.044521