1 0.022 0.561333 0.042 0.074667
1 0.043 0.404 0.026 0.037333
1 0.088 0.44 0.026 0.042667
1 0.1385 0.563333 0.047 0.06
1 0.173 0.477333 0.038 0.053333
1 0.207 0.410667 0.018 0.034667
1 0.2215 0.538 0.035 0.057333
1 0.2955 0.434 0.023 0.038667
1 0.3525 0.422667 0.019 0.032
1 0.372 0.476 0.026 0.034667
1 0.4105 0.459333 0.021 0.036
1 0.463 0.526667 0.028 0.042667
1 0.4645 0.478667 0.019 0.032
1 0.5455 0.458667 0.021 0.032
1 0.5535 0.478667 0.023 0.034667
1 0.5895 0.51 0.027 0.041333
1 0.5535 0.528 0.029 0.045333
1 0.522 0.604667 0.04 0.049333
1 0.435 0.648667 0.048 0.081333
1 0.74 0.576667 0.04 0.06
1 0.693 0.523333 0.026 0.044
1 0.614 0.579333 0.038 0.052
1 0.89 0.528667 0.028 0.038667
1 0.948 0.507333 0.062 0.076