1 0.81006 0.499 0.022523 0.038
1 0.756757 0.564 0.021021 0.028
1 0.71021 0.542 0.018018 0.028
1 0.676426 0.587 0.028529 0.038
1 0.615616 0.617 0.039039 0.05
1 0.62012 0.589 0.024024 0.03
1 0.632883 0.546 0.022523 0.024
1 0.601351 0.558 0.022523 0.024
1 0.582583 0.584 0.027027 0.036
1 0.568318 0.576 0.028529 0.032
1 0.532282 0.581 0.028529 0.03
1 0.545045 0.562 0.027027 0.028
1 0.533033 0.623 0.045045 0.054
1 0.48048 0.592 0.036036 0.04
1 0.486486 0.565 0.03003 0.038
1 0.426426 0.594 0.036036 0.044
1 0.459459 0.69 0.072072 0.068
1 0.403153 0.556 0.01952 0.036
1 0.319069 0.696 0.061562 0.092
1 0.27027 0.729 0.078078 0.102
1 0.256006 0.603 0.034535 0.05
1 0.283784 0.583 0.027027 0.038
1 0.310811 0.638 0.045045 0.06
1 0.334835 0.607 0.042042 0.054
1 0.130631 0.745 0.081081 0.114
1 0.172673 0.688 0.054054 0.08
1 0.208709 0.656 0.048048 0.068
1 0.166667 0.597 0.039039 0.05
1 0.235736 0.565 0.03003 0.038
1 0.09985 0.591 0.031532 0.046
1 0.054805 0.603 0.037538 0.05
1 0.056306 0.694 0.076577 0.112
1 0.062312 0.868 0.112613 0.14