1 0.185606 0.45302 0.05303 0.087248
1 0.31108 0.240772 0.027462 0.048658
1 0.342803 0.21057 0.022727 0.038591
1 0.892045 0.463087 0.041667 0.100671
1 0.410985 0.166946 0.020833 0.025168
1 0.442235 0.153523 0.015152 0.031879
1 0.416667 0.214765 0.020833 0.033557
1 0.428504 0.180369 0.016098 0.028523
1 0.443182 0.233221 0.022727 0.040268
1 0.477746 0.23406 0.027462 0.038591
1 0.471591 0.134228 0.022727 0.020134
1 0.458807 0.177013 0.019886 0.038591
1 0.474905 0.185403 0.023674 0.041946
1 0.492424 0.143456 0.017045 0.038591
1 0.513258 0.149329 0.015152 0.033557
1 0.533617 0.11745 0.014205 0.030201
1 0.544034 0.126678 0.017992 0.028523
1 0.544981 0.202181 0.019886 0.038591
1 0.53267 0.165268 0.016098 0.031879
1 0.562973 0.158557 0.016098 0.041946
1 0.598958 0.163591 0.025568 0.045302
1 0.623106 0.147651 0.022727 0.033557
1 0.654356 0.151007 0.018939 0.04698
1 0.492424 0.307886 0.030303 0.058725
1 0.56392 0.268456 0.027462 0.060403
1 0.583333 0.292785 0.032197 0.072148
1 0.610795 0.223993 0.026515 0.041946
1 0.661932 0.23406 0.026515 0.038591
1 0.624527 0.302013 0.036932 0.077181
1 0.669981 0.28943 0.033144 0.045302
1 0.681345 0.34396 0.03125 0.07047
1 0.664773 0.193792 0.020833 0.045302
1 0.75142 0.088087 0.017992 0.038591
1 0.693655 0.173658 0.023674 0.031879
1 0.719223 0.175336 0.02178 0.028523
1 0.711174 0.243289 0.028409 0.060403
1 0.736269 0.188758 0.02178 0.045302
1 0.752841 0.165268 0.017045 0.041946
1 0.776515 0.188758 0.020833 0.038591
1 0.794508 0.104027 0.020833 0.036913
1 0.788826 0.21896 0.022727 0.041946
1 0.799242 0.184564 0.028409 0.043624
1 0.810133 0.205537 0.017992 0.038591
1 0.830492 0.177013 0.017045 0.038591
1 0.806345 0.302852 0.025568 0.072148
1 0.846117 0.22651 0.016098 0.036913
1 0.84233 0.316275 0.027462 0.065436
1 0.860795 0.192953 0.020833 0.036913
1 0.88589 0.244966 0.023674 0.057047
1 0.886364 0.202181 0.015152 0.041946
1 0.903409 0.201342 0.018939 0.040268
1 0.932292 0.251678 0.025568 0.053691
1 0.925189 0.308725 0.024621 0.050336
1 0.908617 0.376678 0.036932 0.058725
1 0.867898 0.305369 0.025568 0.04698