1 0.134391 0.51375 0.131886 0.125
1 0.059265 0.590625 0.105175 0.19375
1 0.654424 0.53125 0.113523 0.085
1 0.669449 0.434375 0.053422 0.04125
1 0.571786 0.39625 0.045075 0.0375
1 0.588481 0.449375 0.048414 0.04125
1 0.520868 0.4325 0.063439 0.055
1 0.45576 0.424375 0.050083 0.04125
1 0.470785 0.365625 0.046745 0.04125
1 0.31803 0.441875 0.068447 0.05375
1 0.298831 0.404375 0.046745 0.03875
1 0.12187 0.400625 0.053422 0.03875
1 0.080134 0.40375 0.066778 0.05
1 0.90985 0.465625 0.080134 0.05375
1 0.944908 0.43 0.066778 0.0525
1 0.865609 0.4375 0.065109 0.05
1 0.974124 0.48875 0.051753 0.0725