1 0.150833 0.714286 0.148333 0.308571
1 0.070833 0.497143 0.105 0.182857
1 0.168333 0.47 0.076667 0.14
1 0.2075 0.248571 0.058333 0.102857
1 0.109167 0.372857 0.061667 0.117143
1 0.103333 0.267143 0.053333 0.105714
1 0.033333 0.214286 0.053333 0.108571
1 0.4625 0.418571 0.045 0.077143
1 0.495833 0.394286 0.055 0.097143
1 0.585 0.432857 0.063333 0.111429
1 0.574167 0.4 0.041667 0.08
1 0.6225 0.395714 0.045 0.082857
1 0.658333 0.382857 0.036667 0.085714
1 0.735833 0.535714 0.088333 0.168571
1 0.740833 0.425714 0.058333 0.12
1 0.764167 0.445714 0.048333 0.097143
1 0.869167 0.441429 0.088333 0.157143
1 0.956667 0.587143 0.086667 0.18
1 0.960833 0.407143 0.048333 0.094286
1 0.9875 0.431429 0.025 0.085714