1 0.179335 0.474306 0.04038 0.070833
1 0.294933 0.264583 0.01346 0.0375
1 0.332146 0.213194 0.010293 0.034722
1 0.32304 0.256944 0.015835 0.038889
1 0.348377 0.263889 0.015835 0.041667
1 0.353127 0.229167 0.014252 0.036111
1 0.34996 0.215972 0.014252 0.0375
1 0.372922 0.239583 0.015835 0.0375
1 0.387173 0.25625 0.017419 0.043056
1 0.395487 0.230556 0.015044 0.038889
1 0.415677 0.264583 0.020586 0.054167
1 0.411718 0.194444 0.012668 0.030556
1 0.425574 0.18125 0.011876 0.026389
1 0.439826 0.154167 0.010293 0.025
1 0.451306 0.171528 0.011085 0.026389
1 0.467142 0.159028 0.011085 0.026389
1 0.458828 0.234028 0.016627 0.043056
1 0.497229 0.1875 0.015835 0.036111
1 0.508709 0.126389 0.008709 0.019444
1 0.518211 0.158333 0.011876 0.038889
1 0.536817 0.134028 0.009501 0.023611
1 0.546714 0.1625 0.01346 0.036111
1 0.556215 0.140972 0.01346 0.029167
1 0.5673 0.115278 0.010293 0.027778
1 0.589865 0.102083 0.011085 0.026389
1 0.58076 0.165278 0.015044 0.036111
1 0.610847 0.148611 0.011876 0.033333
1 0.620744 0.094444 0.009501 0.025
1 0.643705 0.096528 0.009501 0.023611
1 0.644101 0.116667 0.010293 0.027778
1 0.639351 0.134028 0.011876 0.029167
1 0.604909 0.2125 0.019002 0.044444
1 0.591449 0.123611 0.009501 0.027778
1 0.598575 0.251389 0.019002 0.055556
1 0.638559 0.304861 0.024545 0.056944
1 0.658353 0.247917 0.022961 0.051389
1 0.561758 0.248611 0.022961 0.047222
1 0.537213 0.289583 0.026128 0.059722
1 0.661124 0.222222 0.019002 0.05
1 0.690816 0.217361 0.019794 0.051389
1 0.65677 0.114583 0.010293 0.026389
1 0.665479 0.128472 0.011876 0.031944
1 0.699129 0.109722 0.011085 0.025
1 0.72209 0.184028 0.015835 0.0375
1 0.720111 0.136806 0.01346 0.034722
1 0.690816 0.1625 0.015044 0.030556
1 0.736738 0.128472 0.010293 0.031944
1 0.746635 0.14375 0.014252 0.034722
1 0.77118 0.120139 0.009501 0.020833
1 0.754157 0.172917 0.01346 0.031944
1 0.779493 0.163194 0.01346 0.031944
1 0.806017 0.125694 0.011085 0.031944
1 0.811164 0.161111 0.01346 0.033333
1 0.764846 0.229861 0.019002 0.043056
1 0.775139 0.205556 0.015835 0.038889
1 0.768409 0.278472 0.021378 0.054167
1 0.811956 0.247917 0.018211 0.048611
1 0.853919 0.255556 0.019794 0.05
1 0.838084 0.126389 0.011876 0.030556
1 0.822249 0.218056 0.015044 0.033333
1 0.842439 0.181944 0.012668 0.030556
1 0.851544 0.164583 0.01346 0.034722
1 0.856295 0.145139 0.01346 0.029167
1 0.906572 0.122917 0.011085 0.026389
1 0.925574 0.127083 0.014252 0.031944
1 0.895091 0.150694 0.01346 0.034722
1 0.924386 0.1625 0.01346 0.033333
1 0.887569 0.183333 0.015835 0.033333
1 0.924782 0.202083 0.012668 0.031944
1 0.921219 0.243056 0.016627 0.044444
1 0.869359 0.234028 0.019002 0.048611
1 0.904196 0.302778 0.023753 0.061111
1 0.87886 0.4125 0.036421 0.075
1 0.830562 0.314583 0.025337 0.068056
1 0.799683 0.384028 0.030087 0.079167