1 0.79 0.6725 0.0875 0.128333
1 0.755625 0.605833 0.05875 0.098333
1 0.71875 0.526667 0.04 0.066667
1 0.706875 0.488333 0.04125 0.063333
1 0.67625 0.501667 0.0375 0.046667
1 0.760625 0.489167 0.03125 0.051667
1 0.8225 0.496667 0.0425 0.053333
1 0.8425 0.550833 0.05 0.071667
1 0.89875 0.534167 0.045 0.065
1 0.924375 0.611667 0.07625 0.086667
1 0.955625 0.548333 0.06125 0.076667
1 0.633125 0.3925 0.02875 0.038333
1 0.225625 0.600833 0.08125 0.118333
1 0.181875 0.524167 0.04625 0.071667
1 0.174375 0.491667 0.04875 0.046667
1 0.2325 0.468333 0.035 0.053333
1 0.2525 0.506667 0.035 0.053333
1 0.288125 0.464167 0.03375 0.048333
1 0.3175 0.479167 0.0375 0.045
1 0.35375 0.504167 0.0375 0.051667
1 0.39375 0.510833 0.0475 0.068333
1 0.408125 0.466667 0.03375 0.043333
1 0.44625 0.493333 0.04 0.063333
1 0.075625 0.521667 0.05125 0.066667
1 0.06875 0.461667 0.035 0.043333
1 0.040625 0.450833 0.03375 0.045