1 0.048333 0.64125 0.093333 0.1375
1 0.071667 0.52375 0.053333 0.0775
1 0.075833 0.6075 0.078333 0.1
1 0.2025 0.52625 0.038333 0.0775
1 0.225833 0.54875 0.045 0.0875
1 0.261667 0.5475 0.06 0.115
1 0.284167 0.62875 0.098333 0.1275
1 0.29 0.50125 0.033333 0.0575
1 0.3275 0.53875 0.041667 0.0625
1 0.3625 0.49 0.035 0.055
1 0.393333 0.49 0.036667 0.06
1 0.405833 0.56625 0.055 0.0875
1 0.459167 0.5925 0.065 0.105
1 0.450833 0.51875 0.041667 0.0675
1 0.529167 0.435 0.045 0.065
1 0.538333 0.6275 0.08 0.14
1 0.523333 0.5625 0.06 0.095
1 0.565 0.49625 0.03 0.0475
1 0.595 0.51625 0.033333 0.0575
1 0.629167 0.505 0.031667 0.055
1 0.6275 0.605 0.071667 0.095
1 0.651667 0.78 0.116667 0.185
1 0.748333 0.61625 0.083333 0.1375
1 0.684167 0.5225 0.038333 0.07
1 0.779167 0.55625 0.048333 0.0775
1 0.8775 0.53875 0.055 0.0725
1 0.934167 0.5875 0.065 0.095
1 0.855 0.73875 0.123333 0.1625