1 0.04375 0.492188 0.042188 0.059375
1 0.217969 0.560417 0.054688 0.066667
1 0.19375 0.521354 0.04375 0.053125
1 0.226172 0.464583 0.039844 0.047917
1 0.278516 0.490104 0.039844 0.053125
1 0.257812 0.515104 0.05 0.061458
1 0.325781 0.507292 0.048438 0.058333
1 0.361328 0.477604 0.032031 0.051042
1 0.447656 0.480729 0.039062 0.053125
1 0.438281 0.456771 0.029687 0.038542
1 0.4875 0.408854 0.032813 0.051042
1 0.524219 0.484375 0.032813 0.04375
1 0.545312 0.505729 0.039062 0.055208
1 0.488281 0.541146 0.04375 0.067708
1 0.509766 0.581771 0.047656 0.067708
1 0.606641 0.55625 0.046094 0.075
1 0.602344 0.49375 0.035937 0.054167
1 0.667578 0.503125 0.044531 0.072917
1 0.749609 0.431771 0.035156 0.061458
1 0.818359 0.443229 0.033594 0.059375
1 0.721094 0.6375 0.08125 0.110417
1 0.833984 0.629687 0.063281 0.107292
1 0.884766 0.555729 0.060156 0.078125
1 0.946484 0.527604 0.050781 0.073958