1 0.441 0.716595 0.194 0.234914
1 0.484 0.549569 0.136 0.146552
1 0.527 0.434267 0.086 0.105603
1 0.492 0.376078 0.056 0.0625
1 0.403 0.414871 0.066 0.079741
1 0.295 0.439655 0.098 0.103448
1 0.276 0.37069 0.056 0.068966
1 0.185 0.429957 0.082 0.084052
1 0.202 0.369612 0.052 0.06681
1 0.129 0.586207 0.146 0.168103
1 0.063 0.496767 0.102 0.079741
1 0.096 0.417026 0.072 0.088362
1 0.073 0.362069 0.062 0.073276
1 0.698 0.487069 0.116 0.125
1 0.68 0.389009 0.064 0.075431
1 0.634 0.359914 0.048 0.064655
1 0.74 0.382543 0.056 0.06681
1 0.805 0.395474 0.054 0.079741
1 0.794 0.342672 0.04 0.043103
1 0.816 0.605603 0.148 0.185345
1 0.916 0.43319 0.072 0.094828
1 0.928 0.385776 0.048 0.060345
1 0.91 0.341595 0.036 0.045259
1 0.934 0.335129 0.04 0.053879
1 0.974 0.34375 0.036 0.053879