1 0.107 0.436937 0.042 0.087087
1 0.188 0.441441 0.044 0.09009
1 0.239 0.364865 0.042 0.075075
1 0.291 0.436937 0.042 0.075075
1 0.336 0.384384 0.036 0.066066
1 0.372 0.451952 0.044 0.081081
1 0.413 0.403904 0.038 0.057057
1 0.425 0.471471 0.046 0.078078
1 0.475 0.475976 0.042 0.087087
1 0.528 0.475976 0.044 0.093093
1 0.496 0.408408 0.036 0.066066
1 0.575 0.37988 0.042 0.063063
1 0.582 0.475976 0.048 0.087087
1 0.651 0.445946 0.042 0.087087
1 0.65 0.394895 0.036 0.063063
1 0.72 0.435435 0.048 0.078078
1 0.771 0.417417 0.042 0.072072
1 0.789 0.477477 0.05 0.078078
1 0.854 0.40991 0.044 0.081081