1 0.056452 0.636804 0.03871 0.062954
1 0.11371 0.628329 0.040323 0.065375
1 0.183065 0.640436 0.037097 0.060533
1 0.248387 0.627119 0.048387 0.072639
1 0.315323 0.627119 0.033871 0.062954
1 0.387097 0.612591 0.032258 0.062954
1 0.454839 0.600484 0.035484 0.058111
1 0.53629 0.596852 0.040323 0.05569
1 0.61129 0.607748 0.035484 0.058111
1 0.692742 0.675545 0.033871 0.062954
1 0.731452 0.645278 0.030645 0.05569
1 0.787097 0.628329 0.03871 0.060533
1 0.833871 0.596852 0.03871 0.065375
1 0.927419 0.635593 0.041935 0.075061
1 0.927419 0.583535 0.032258 0.058111
1 0.991129 0.570218 0.017742 0.03632
1 0.904839 0.51937 0.019355 0.03632
1 0.925806 0.501211 0.019355 0.029056
1 0.864516 0.496368 0.016129 0.029056
1 0.83871 0.497579 0.016129 0.021792
1 0.845161 0.559322 0.025806 0.048426
1 0.81371 0.514528 0.017742 0.031477
1 0.778226 0.572639 0.033871 0.046005
1 0.735484 0.53753 0.022581 0.043584
1 0.762097 0.507264 0.020968 0.03632
1 0.687097 0.531477 0.022581 0.041162
1 0.703226 0.513317 0.016129 0.029056
1 0.675806 0.496368 0.019355 0.033898
1 0.634677 0.498789 0.017742 0.033898
1 0.610484 0.556901 0.027419 0.043584
1 0.56371 0.538741 0.020968 0.031477
1 0.552419 0.495157 0.014516 0.031477
1 0.520968 0.470944 0.012903 0.031477
1 0.479032 0.46247 0.012903 0.024213
1 0.431452 0.490315 0.017742 0.031477
1 0.397581 0.516949 0.024194 0.046005
1 0.375806 0.497579 0.019355 0.026634
1 0.345161 0.497579 0.016129 0.021792
1 0.316935 0.542373 0.027419 0.038741
1 0.245161 0.530266 0.025806 0.033898
1 0.217742 0.542373 0.022581 0.038741
1 0.168548 0.525424 0.020968 0.029056
1 0.144355 0.542373 0.027419 0.048426
1 0.121774 0.525424 0.017742 0.029056
1 0.107258 0.507264 0.01129 0.026634
1 0.078226 0.504843 0.024194 0.031477
1 0.024194 0.57385 0.035484 0.053269
1 0.044355 0.514528 0.020968 0.03632
1 0.256452 0.493947 0.016129 0.029056
1 0.245161 0.460048 0.012903 0.024213
1 0.262097 0.467312 0.01129 0.024213
1 0.214516 0.5 0.016129 0.031477
1 0.154032 0.469734 0.014516 0.024213
1 0.137097 0.466102 0.012903 0.021792