1 0.342105 0.076347 0.033138 0.062874
1 0.523392 0.27994 0.033138 0.068862
1 0.546784 0.305389 0.048733 0.065868
1 0.607212 0.311377 0.040936 0.05988
1 0.648148 0.314371 0.040936 0.065868
1 0.720273 0.317365 0.044834 0.071856
1 0.798246 0.327844 0.040936 0.080838
1 0.841131 0.333832 0.048733 0.086826
1 0.92885 0.387725 0.060429 0.098802
1 0.890838 0.54491 0.101365 0.167665
1 0.699805 0.54491 0.089669 0.149701
1 0.601365 0.64521 0.111111 0.188623
1 0.38499 0.75 0.138402 0.218563
1 0.182261 0.651198 0.118908 0.158683
1 0.135478 0.538922 0.087719 0.137725
1 0.061404 0.540419 0.083821 0.140719