1 0.065 0.397898 0.038 0.069069
1 0.126 0.402402 0.04 0.066066
1 0.167 0.509009 0.038 0.069069
1 0.213 0.399399 0.038 0.066066
1 0.251 0.512012 0.034 0.063063
1 0.282 0.408408 0.036 0.054054
1 0.326 0.417417 0.036 0.066066
1 0.346 0.512012 0.04 0.069069
1 0.387 0.412913 0.034 0.057057
1 0.427 0.506006 0.042 0.069069
1 0.466 0.40991 0.036 0.063063
1 0.512 0.5 0.04 0.075075
1 0.494 0.399399 0.028 0.048048
1 0.537 0.40991 0.03 0.063063
1 0.568 0.403904 0.032 0.063063
1 0.607 0.515015 0.046 0.087087
1 0.6 0.396396 0.036 0.066066
1 0.663 0.406907 0.038 0.063063
1 0.673 0.503003 0.038 0.069069
1 0.734 0.405405 0.04 0.072072
1 0.766 0.521021 0.04 0.069069
1 0.806 0.400901 0.044 0.069069
1 0.842 0.405405 0.04 0.072072