1 0.193213 0.44391 0.035294 0.076923
1 0.279638 0.230769 0.0181 0.035256
1 0.306787 0.230769 0.01629 0.028846
1 0.331222 0.239583 0.021719 0.030449
1 0.31991 0.197917 0.015385 0.033654
1 0.368326 0.185897 0.01448 0.035256
1 0.378733 0.167468 0.011765 0.024038
1 0.370588 0.233173 0.013575 0.036859
1 0.385973 0.247596 0.022624 0.040064
1 0.415385 0.247596 0.01991 0.040064
1 0.41448 0.202724 0.01629 0.040064
1 0.442081 0.204327 0.015385 0.040064
1 0.421267 0.14984 0.015385 0.030449
1 0.429412 0.122596 0.013575 0.027244
1 0.414027 0.151442 0.013575 0.030449
1 0.468778 0.196314 0.0181 0.036859
1 0.507692 0.191506 0.01448 0.036859
1 0.4819 0.147436 0.013575 0.028846
1 0.483258 0.129006 0.01086 0.024038
1 0.500905 0.11859 0.013575 0.022436
1 0.508597 0.14984 0.01448 0.033654
1 0.521267 0.119391 0.01267 0.020833
1 0.538914 0.165865 0.011765 0.030449
1 0.578281 0.115385 0.01991 0.041667
1 0.559276 0.148237 0.01448 0.027244
1 0.549774 0.122596 0.011765 0.020833
1 0.548416 0.144231 0.01086 0.019231
1 0.615837 0.057692 0.009955 0.022436
1 0.599548 0.116987 0.009955 0.022436
1 0.638914 0.111378 0.01086 0.024038
1 0.674208 0.059295 0.01086 0.025641
1 0.652489 0.144231 0.00905 0.019231
1 0.688688 0.11859 0.01086 0.025641
1 0.711312 0.109776 0.01086 0.024038
1 0.482805 0.415865 0.066063 0.120192
1 0.567421 0.225962 0.025339 0.051282
1 0.553846 0.182692 0.0181 0.032051
1 0.613575 0.209936 0.01629 0.038462
1 0.708145 0.322115 0.029864 0.067308
1 0.750226 0.334936 0.025339 0.054487
1 0.788688 0.300481 0.020814 0.046474
1 0.692308 0.258814 0.021719 0.049679
1 0.642986 0.250801 0.022624 0.049679
1 0.664253 0.209936 0.01991 0.035256
1 0.628054 0.174679 0.01267 0.025641
1 0.717647 0.183494 0.01448 0.030449
1 0.730769 0.147436 0.011765 0.025641
1 0.735294 0.18109 0.013575 0.025641
1 0.750226 0.192308 0.01629 0.035256
1 0.723529 0.21234 0.017195 0.036859
1 0.761991 0.240385 0.01991 0.044872
1 0.788235 0.237981 0.01629 0.033654
1 0.751131 0.132212 0.01629 0.033654
1 0.772851 0.155449 0.01267 0.025641
1 0.795475 0.128205 0.01448 0.028846
1 0.79095 0.172276 0.01086 0.027244
1 0.807692 0.190705 0.017195 0.028846
1 0.822172 0.246795 0.017195 0.051282
1 0.838462 0.247596 0.015385 0.033654
1 0.881448 0.270032 0.0181 0.030449
1 0.849774 0.08734 0.01448 0.027244
1 0.840724 0.159455 0.01448 0.036859
1 0.854299 0.146635 0.01086 0.020833
1 0.865611 0.185096 0.013575 0.027244
1 0.863348 0.225962 0.01448 0.028846
1 0.895023 0.214744 0.01267 0.038462
1 0.90362 0.169071 0.013575 0.030449
1 0.893213 0.180288 0.01448 0.027244
1 0.936652 0.169872 0.01267 0.028846
1 0.974661 0.133814 0.01086 0.030449
1 0.933484 0.201923 0.011765 0.028846
1 0.919457 0.22516 0.01448 0.036859
1 0.938462 0.266827 0.01991 0.036859
1 0.891403 0.327724 0.023529 0.05609
1 0.700905 0.174679 0.017195 0.035256
1 0.626697 0.146635 0.013575 0.027244