1 0.178 0.578333 0.068 0.163333
1 0.162667 0.446667 0.050667 0.106667
1 0.143333 0.415 0.033333 0.09
1 0.096667 0.401667 0.041333 0.09
1 0.102667 0.531667 0.061333 0.156667
1 0.069333 0.493333 0.048 0.1
1 0.031333 0.436667 0.038667 0.093333
1 0.266 0.498333 0.044 0.11
1 0.306667 0.471667 0.048 0.136667
1 0.336667 0.54 0.062667 0.16
1 0.342667 0.386667 0.024 0.08
1 0.365333 0.401667 0.029333 0.083333
1 0.390667 0.421667 0.034667 0.083333
1 0.413333 0.385 0.024 0.063333
1 0.46 0.276667 0.029333 0.093333
1 0.492667 0.423333 0.030667 0.073333
1 0.558667 0.45 0.032 0.093333
1 0.594 0.611667 0.065333 0.203333
1 0.691333 0.571667 0.06 0.163333
1 0.770667 0.656667 0.069333 0.206667
1 0.797333 0.508333 0.058667 0.183333
1 0.882 0.638333 0.068 0.163333
1 0.932667 0.621667 0.068 0.156667
1 0.95 0.861667 0.1 0.25
1 0.890667 0.431667 0.04 0.096667
1 0.755333 0.395 0.028 0.076667
1 0.756 0.486667 0.042667 0.093333
1 0.672 0.49 0.034667 0.086667
1 0.684 0.44 0.029333 0.066667
1 0.637333 0.381667 0.024 0.076667
1 0.606 0.45 0.033333 0.1
1 0.628667 0.453333 0.030667 0.093333
1 0.607333 0.39 0.022667 0.066667