1 0.187885 0.431481 0.041068 0.081481
1 0.178645 0.224074 0.022587 0.044444
1 0.24846 0.225 0.022587 0.046296
1 0.428645 0.148148 0.0154 0.033333
1 0.452259 0.174074 0.019507 0.037037
1 0.453799 0.147222 0.014374 0.031481
1 0.474846 0.160185 0.0154 0.035185
1 0.50616 0.183333 0.016427 0.040741
1 0.483573 0.191667 0.01848 0.038889
1 0.485626 0.142593 0.01232 0.033333
1 0.50154 0.12963 0.011294 0.02963
1 0.532341 0.125926 0.017454 0.033333
1 0.63039 0.219444 0.022587 0.05
1 0.658624 0.187037 0.017454 0.044444
1 0.63655 0.118519 0.016427 0.02963
1 0.667864 0.116667 0.0154 0.02963
1 0.702259 0.178704 0.016427 0.035185
1 0.720739 0.189815 0.01848 0.038889
1 0.735113 0.149074 0.014374 0.035185
1 0.744353 0.173148 0.01848 0.035185
1 0.76694 0.176852 0.01848 0.035185
1 0.792094 0.167593 0.017454 0.035185
1 0.814168 0.14537 0.014374 0.042593
1 0.828542 0.186111 0.01848 0.038889
1 0.798255 0.212037 0.019507 0.035185
1 0.871663 0.291667 0.028747 0.053704
1 0.931211 0.232407 0.01848 0.038889
1 0.930185 0.196296 0.014374 0.02963
1 0.938398 0.173148 0.01232 0.031481
1 0.900411 0.167593 0.014374 0.035185