1 0.17875 0.64 0.1075 0.2
1 0.09375 0.45 0.0275 0.046667
1 0.05375 0.448333 0.0375 0.07
1 0.01375 0.456667 0.0225 0.053333
1 0.13375 0.46 0.0275 0.046667
1 0.19 0.493333 0.05 0.08
1 0.23375 0.465 0.0325 0.05
1 0.24375 0.381667 0.0275 0.036667
1 0.28125 0.503333 0.0575 0.08
1 0.3325 0.446667 0.025 0.04
1 0.3925 0.445 0.025 0.043333
1 0.445 0.431667 0.02 0.036667
1 0.46 0.451667 0.03 0.043333
1 0.47 0.465 0.035 0.063333
1 0.51 0.453333 0.03 0.046667
1 0.53 0.501667 0.045 0.07
1 0.44375 0.553333 0.0725 0.093333
1 0.695 0.593333 0.085 0.113333
1 0.845 0.495 0.06 0.096667
1 0.84375 0.446667 0.0325 0.053333
1 0.925 0.45 0.025 0.04
1 0.74 0.461667 0.04 0.063333
1 0.70625 0.446667 0.0325 0.046667
1 0.6675 0.443333 0.025 0.04
1 0.6375 0.441667 0.03 0.05
1 0.56625 0.431667 0.0275 0.036667
1 0.53625 0.433333 0.0225 0.033333