1 0.111667 0.433417 0.046667 0.072864
1 0.143333 0.409548 0.03 0.075377
1 0.1675 0.474874 0.045 0.085427
1 0.213333 0.516332 0.05 0.082915
1 0.204167 0.429648 0.041667 0.070352
1 0.236667 0.429648 0.033333 0.060302
1 0.278333 0.424623 0.033333 0.060302
1 0.3075 0.405779 0.031667 0.072864
1 0.29 0.502513 0.046667 0.075377
1 0.339167 0.494975 0.038333 0.070352
1 0.35 0.413317 0.03 0.062814
1 0.385833 0.429648 0.038333 0.065327
1 0.410833 0.592965 0.055 0.090452
1 0.454167 0.464824 0.035 0.070352
1 0.44 0.384422 0.036667 0.070352
1 0.486667 0.41206 0.033333 0.070352
1 0.511667 0.443467 0.033333 0.072864
1 0.548333 0.442211 0.033333 0.070352
1 0.590833 0.528894 0.038333 0.077889
1 0.580833 0.444724 0.031667 0.075377
1 0.616667 0.413317 0.036667 0.062814
1 0.655 0.488693 0.036667 0.072864
1 0.665 0.438442 0.033333 0.062814
1 0.694167 0.430905 0.028333 0.057789
1 0.695 0.492462 0.03 0.070352
1 0.725833 0.505025 0.031667 0.070352
1 0.765833 0.488693 0.038333 0.077889
1 0.75 0.428392 0.033333 0.062814
1 0.769167 0.41206 0.025 0.060302
1 0.815 0.420854 0.033333 0.062814
1 0.823333 0.520101 0.04 0.085427
1 0.87 0.484925 0.04 0.070352
1 0.854167 0.41206 0.031667 0.060302
1 0.9 0.444724 0.033333 0.075377
1 0.925 0.447236 0.03 0.070352
1 0.95 0.468593 0.04 0.057789