1 0.609 0.414414 0.038 0.06006
1 0.959 0.723724 0.062 0.084084
1 0.946 0.600601 0.048 0.084084
1 0.919 0.657658 0.05 0.078078
1 0.879 0.638138 0.07 0.129129
1 0.805 0.702703 0.082 0.132132
1 0.751 0.645646 0.07 0.102102
1 0.738 0.570571 0.048 0.078078
1 0.668 0.77027 0.1 0.189189
1 0.466 0.741742 0.108 0.174174
1 0.543 0.684685 0.074 0.144144
1 0.602 0.618619 0.06 0.108108
1 0.677 0.591592 0.05 0.078078
1 0.556 0.578078 0.056 0.081081
1 0.535 0.54955 0.042 0.078078
1 0.507 0.606607 0.054 0.084084
1 0.457 0.632132 0.07 0.105105
1 0.454 0.56006 0.048 0.075075
1 0.262 0.723724 0.096 0.156156
1 0.326 0.623123 0.068 0.123123
1 0.354 0.564565 0.032 0.072072
1 0.374 0.536036 0.036 0.069069
1 0.266 0.567568 0.048 0.096096
1 0.235 0.524024 0.038 0.051051
1 0.234 0.567568 0.036 0.054054
1 0.169 0.591592 0.058 0.096096
1 0.129 0.572072 0.042 0.069069
1 0.101 0.513514 0.038 0.06006
1 0.062 0.527027 0.044 0.057057
1 0.045 0.569069 0.066 0.093093
1 0.06 0.68018 0.104 0.141141