1 0.189711 0.246169 0.021436 0.044061
1 0.302251 0.225096 0.015005 0.028736
1 0.348339 0.187739 0.012862 0.030651
1 0.420686 0.256705 0.016077 0.038314
1 0.407288 0.19636 0.015005 0.032567
1 0.440514 0.224138 0.017149 0.02682
1 0.443194 0.170498 0.01179 0.030651
1 0.476956 0.173372 0.017149 0.04023
1 0.451233 0.1341 0.012862 0.022989
1 0.538049 0.18295 0.015005 0.032567
1 0.542337 0.159962 0.015005 0.028736
1 0.622186 0.1159 0.01179 0.028736
1 0.624866 0.300766 0.02358 0.061303
1 0.657556 0.362069 0.031083 0.068966
1 0.620043 0.203065 0.018221 0.042146
1 0.662379 0.210728 0.019293 0.038314
1 0.657556 0.17433 0.013934 0.02682
1 0.717042 0.072797 0.012862 0.02682
1 0.719721 0.227011 0.018221 0.04023
1 0.661844 0.289272 0.018221 0.038314
1 0.792069 0.340038 0.040729 0.086207
1 0.812433 0.253831 0.017149 0.04023
1 0.855305 0.255747 0.019293 0.047893
1 0.921758 0.217433 0.015005 0.036398
1 0.986602 0.235632 0.022508 0.068966
1 0.987674 0.318008 0.020364 0.08046