1 0.084008 0.282496 0.026316 0.051993
1 0.286437 0.231369 0.020243 0.032929
1 0.301619 0.242634 0.022267 0.031196
1 0.342105 0.188042 0.016194 0.032929
1 0.362348 0.193241 0.018219 0.032929
1 0.367409 0.22617 0.022267 0.039861
1 0.387652 0.235702 0.020243 0.041594
1 0.38664 0.200173 0.018219 0.032929
1 0.403846 0.205373 0.020243 0.032929
1 0.394231 0.174177 0.017206 0.029463
1 0.415992 0.172444 0.01417 0.029463
1 0.433198 0.200173 0.018219 0.036395
1 0.419534 0.239168 0.023279 0.038128
1 0.457996 0.244367 0.023279 0.045061
1 0.47166 0.210572 0.020243 0.039861
1 0.46002 0.200173 0.017206 0.032929
1 0.437753 0.162912 0.015182 0.024263
1 0.455466 0.162045 0.016194 0.032929
1 0.500506 0.149047 0.015182 0.02773
1 0.51164 0.15338 0.017206 0.032929
1 0.516194 0.184575 0.016194 0.032929
1 0.516194 0.133449 0.012146 0.024263
1 0.526822 0.149913 0.015182 0.029463
1 0.539474 0.180243 0.018219 0.02773
1 0.55415 0.160312 0.019231 0.029463
1 0.537449 0.138648 0.01417 0.020797
1 0.56832 0.139515 0.015182 0.025997
1 0.566296 0.123917 0.011134 0.015598
1 0.584514 0.162045 0.015182 0.029463
1 0.574393 0.186308 0.021255 0.039861
1 0.592611 0.142114 0.013158 0.02773
1 0.624494 0.166378 0.016194 0.031196
1 0.6083 0.141248 0.01417 0.025997
1 0.630061 0.129116 0.015182 0.029463
1 0.642713 0.138648 0.016194 0.031196
1 0.659919 0.121317 0.01417 0.02773
1 0.676619 0.112652 0.013158 0.020797
1 0.682186 0.126516 0.01417 0.031196
1 0.662449 0.159445 0.013158 0.031196
1 0.701417 0.136049 0.01417 0.032929
1 0.706478 0.116118 0.012146 0.024263
1 0.728239 0.118718 0.013158 0.029463
1 0.61083 0.22617 0.025304 0.043328
1 0.642206 0.210572 0.025304 0.043328
1 0.656883 0.253899 0.024291 0.05026
1 0.685729 0.182842 0.019231 0.039861
1 0.703441 0.22357 0.022267 0.038128
1 0.711538 0.257366 0.024291 0.046794
1 0.717105 0.327556 0.035425 0.076256
1 0.770749 0.381282 0.041498 0.065858
1 0.73583 0.185442 0.020243 0.041594
1 0.721154 0.180243 0.017206 0.031196
1 0.757085 0.17331 0.018219 0.038128
1 0.754555 0.146447 0.017206 0.032929
1 0.783401 0.137782 0.01417 0.032929
1 0.803138 0.137782 0.011134 0.025997
1 0.810729 0.146447 0.012146 0.025997
1 0.819332 0.171577 0.015182 0.031196
1 0.82085 0.212305 0.020243 0.039861
1 0.788968 0.249567 0.025304 0.048527
1 0.756579 0.240901 0.023279 0.045061
1 0.778846 0.199307 0.019231 0.038128
1 0.81832 0.294627 0.027328 0.051993
1 0.844636 0.256499 0.021255 0.058925
1 0.845142 0.208839 0.018219 0.039861
1 0.855263 0.177643 0.016194 0.032929
1 0.82996 0.139515 0.012146 0.025997
1 0.848178 0.144714 0.012146 0.029463
1 0.864372 0.162045 0.012146 0.029463
1 0.881073 0.157712 0.013158 0.034662
1 0.900304 0.167244 0.017206 0.032929
1 0.893219 0.193241 0.015182 0.036395
1 0.878543 0.225303 0.018219 0.034662
1 0.865891 0.219237 0.017206 0.043328
1 0.941802 0.319757 0.027328 0.060659
1 0.91498 0.234835 0.020243 0.043328
1 0.918522 0.208839 0.019231 0.036395
1 0.92915 0.193241 0.018219 0.032929
1 0.932186 0.172444 0.016194 0.025997
1 0.938259 0.154246 0.012146 0.02773
1 0.947874 0.258232 0.017206 0.045061
1 0.96913 0.237435 0.015182 0.038128
1 0.961538 0.208839 0.01417 0.032929
1 0.981781 0.19844 0.012146 0.032929