1 0.021875 0.298438 0.039583 0.096875
1 0.151042 0.339062 0.09375 0.153125
1 0.13125 0.24375 0.058333 0.09375
1 0.245833 0.310937 0.0625 0.103125
1 0.220833 0.2625 0.054167 0.0875
1 0.29375 0.245312 0.05 0.096875
1 0.376042 0.335938 0.06875 0.121875
1 0.382292 0.259375 0.05625 0.09375
1 0.505208 0.3375 0.077083 0.125
1 0.488542 0.2375 0.052083 0.0875
1 0.5875 0.317188 0.066667 0.109375
1 0.655208 0.504687 0.122917 0.196875
1 0.689583 0.329688 0.0625 0.115625
1 0.725 0.292187 0.045833 0.084375
1 0.702083 0.25 0.054167 0.075
1 0.611458 0.259375 0.05625 0.0875
1 0.647917 0.207813 0.0375 0.078125
1 0.79375 0.210938 0.041667 0.078125
1 0.828125 0.284375 0.047917 0.10625
1 0.854167 0.25625 0.041667 0.08125
1 0.926042 0.535937 0.127083 0.253125
1 0.91875 0.420312 0.104167 0.159375
1 0.925 0.28125 0.054167 0.1
1 0.958333 0.232813 0.041667 0.071875