1 0.025 0.57571 0.042 0.078864
1 0.056 0.547319 0.036 0.066246
1 0.123 0.59306 0.062 0.113565
1 0.179 0.526814 0.038 0.069401
1 0.264 0.512618 0.04 0.066246
1 0.295 0.611987 0.058 0.100946
1 0.301 0.553628 0.05 0.078864
1 0.354 0.629338 0.068 0.116719
1 0.369 0.528391 0.042 0.072555
1 0.419 0.55205 0.042 0.07571
1 0.462 0.544164 0.052 0.104101
1 0.512 0.536278 0.036 0.069401
1 0.423 0.851735 0.13 0.214511
1 0.565 0.656151 0.07 0.119874
1 0.576 0.537855 0.044 0.085174
1 0.701 0.529968 0.046 0.07571
1 0.733 0.591483 0.058 0.091483
1 0.704 0.739748 0.128 0.198738
1 0.85 0.376972 0.032 0.066246
1 0.842 0.559937 0.044 0.085174
1 0.913 0.65142 0.094 0.141956
1 0.911 0.55836 0.046 0.082019
1 0.938 0.908517 0.124 0.164038