1 0.775 0.269841 0.07 0.121693
1 0.503333 0.358466 0.03 0.050265
1 0.4175 0.367725 0.038333 0.079365
1 0.394167 0.373016 0.038333 0.074074
1 0.319167 0.406085 0.058333 0.082011
1 0.25 0.414021 0.056667 0.108466
1 0.165833 0.44709 0.081667 0.126984
1 0.03 0.517196 0.056667 0.140212
1 0.131667 0.391534 0.053333 0.074074
1 0.206667 0.351852 0.026667 0.037037
1 0.220833 0.382275 0.035 0.071429
1 0.235 0.343915 0.03 0.042328
1 0.283333 0.350529 0.036667 0.055556
1 0.314167 0.362434 0.035 0.058201
1 0.324167 0.349206 0.025 0.042328
1 0.105833 0.367725 0.031667 0.058201
1 0.065833 0.384921 0.041667 0.082011
1 0.021667 0.366402 0.04 0.071429