0 0.197 0.404088 0.33 0.58805
0 0.711 0.734277 0.27 0.455975
0 0.465 0.613208 0.022 0.037736
0 0.293 0.628931 0.022 0.037736
0 0.46 0.56761 0.016 0.034591
0 0.466 0.506289 0.016 0.031447
0 0.547 0.602201 0.018 0.034591
0 0.59 0.528302 0.016 0.031447
0 0.59 0.595912 0.016 0.034591
0 0.645 0.492138 0.018 0.034591
0 0.913 0.650943 0.022 0.050314
0 0.541 0.548742 0.018 0.034591
1 0.579 0.646226 0.022 0.040881
1 0.526 0.625786 0.02 0.031447
1 0.832 0.404088 0.016 0.034591
1 0.875 0.377358 0.018 0.031447
1 0.852 0.399371 0.016 0.031447
1 0.888 0.638365 0.024 0.037736
1 0.866 0.595912 0.02 0.034591
1 0.557 0.638365 0.018 0.031447
1 0.503 0.724843 0.086 0.147799
1 0.441 0.839623 0.17 0.213836
1 0.874 0.786164 0.136 0.245283
1 0.402 0.606918 0.016 0.031447
1 0.428 0.59434 0.016 0.031447
1 0.457 0.591195 0.018 0.031447
1 0.334 0.515723 0.016 0.031447
1 0.552 0.493711 0.012 0.025157