1 0.06125 0.451311 0.0475 0.078652
1 0.25 0.478464 0.015 0.02809
1 0.29375 0.449438 0.015 0.022472
1 0.305 0.509363 0.02 0.033708
1 0.29625 0.512172 0.01 0.020599
1 0.330625 0.5103 0.01875 0.031835
1 0.328125 0.469101 0.01625 0.031835
1 0.3525 0.514045 0.0175 0.035581
1 0.370625 0.524345 0.02375 0.041199
1 0.3925 0.504682 0.0175 0.035581
1 0.415625 0.504682 0.02125 0.043071
1 0.435625 0.505618 0.01625 0.029963
1 0.4525 0.508427 0.0225 0.043071
1 0.4875 0.503745 0.0225 0.037453
1 0.5125 0.527154 0.03 0.046816
1 0.561875 0.5103 0.01625 0.035581
1 0.579375 0.516854 0.02625 0.052434
1 0.6125 0.550562 0.03 0.048689
1 0.649375 0.535581 0.03625 0.05618
1 0.641875 0.497191 0.02125 0.039326
1 0.670625 0.514981 0.02625 0.041199
1 0.6925 0.502809 0.0225 0.050562
1 0.741875 0.527154 0.04375 0.069288
1 0.724375 0.506554 0.02375 0.043071
1 0.786875 0.5 0.02875 0.052434
1 0.825625 0.564607 0.04375 0.08427
1 0.880625 0.562734 0.04875 0.08427
1 0.954375 0.551498 0.04125 0.061798
1 0.973125 0.522472 0.04125 0.05618
1 0.9275 0.421348 0.0275 0.041199
1 0.908125 0.426966 0.02125 0.033708
1 0.85625 0.518727 0.035 0.06367
1 0.806875 0.441948 0.01875 0.029963
1 0.840625 0.429775 0.02375 0.035581
1 0.788125 0.448502 0.01875 0.031835
1 0.75625 0.441011 0.0325 0.050562
1 0.67125 0.435393 0.0175 0.031835
1 0.650625 0.448502 0.01625 0.02809
1 0.619375 0.444757 0.01375 0.024345
1 0.604375 0.448502 0.01375 0.024345
1 0.5825 0.449438 0.015 0.022472
1 0.568125 0.452247 0.01875 0.02809
1 0.524375 0.455056 0.01125 0.022472
1 0.523125 0.438202 0.01375 0.018727
1 0.49125 0.466292 0.01 0.018727
1 0.455625 0.468165 0.01375 0.026217
1 0.46125 0.452247 0.015 0.031835
1 0.425625 0.448502 0.01125 0.024345
1 0.40625 0.469101 0.0125 0.020599
1 0.37125 0.464419 0.01 0.022472