1 0.2275 0.68 0.035 0.06
1 0.13625 0.618333 0.0275 0.043333
1 0.26125 0.65 0.0525 0.066667
1 0.33625 0.691667 0.0225 0.036667
1 0.3525 0.705 0.025 0.036667
1 0.38625 0.695 0.0225 0.043333
1 0.41125 0.678333 0.0325 0.05
1 0.4625 0.656667 0.04 0.053333
1 0.44 0.678333 0.03 0.05
1 0.51 0.688333 0.025 0.036667
1 0.53875 0.686667 0.0275 0.053333
1 0.59375 0.681667 0.0325 0.05
1 0.65125 0.66 0.0425 0.06
1 0.7075 0.69 0.04 0.06
1 0.77625 0.681667 0.0375 0.056667
1 0.84125 0.695 0.0325 0.056667
1 0.91 0.691667 0.04 0.063333
1 0.46125 0.91 0.1225 0.113333
1 0.84 0.921667 0.095 0.123333