1 0.0905 0.67075 0.059 0.085758
1 0.161 0.682236 0.056 0.081164
1 0.147 0.650842 0.042 0.058193
1 0.324 0.684533 0.044 0.067381
1 0.366 0.43951 0.04 0.058193
1 0.395 0.674579 0.04 0.075038
1 0.4285 0.640888 0.033 0.050536
1 0.506 0.786371 0.102 0.157734
1 0.4795 0.723583 0.087 0.130168
1 0.582 0.711332 0.058 0.114855
1 0.605 0.686064 0.046 0.098009
1 0.652 0.717458 0.048 0.102603
1 0.71 0.69755 0.062 0.124043
1 0.696 0.621746 0.034 0.061256
1 0.7785 0.67611 0.049 0.090352
1 0.93 0.761868 0.11 0.212864
1 0.9085 0.64242 0.051 0.090352
1 0.9775 0.666922 0.039 0.078101