1 0.871843 0.121667 0.011225 0.026667
1 0.901777 0.1275 0.009355 0.025
1 0.930776 0.140833 0.007484 0.021667
1 0.928906 0.155 0.011225 0.026667
1 0.919551 0.203333 0.014967 0.036667
1 0.922825 0.265 0.017774 0.05
1 0.864827 0.149167 0.014032 0.031667
1 0.891487 0.178333 0.013096 0.03
1 0.881197 0.195833 0.014967 0.035
1 0.869036 0.216667 0.014967 0.043333
1 0.852198 0.186667 0.013096 0.036667
1 0.847521 0.15 0.014967 0.036667
1 0.832086 0.136667 0.014032 0.033333
1 0.750702 0.11 0.01029 0.026667
1 0.732928 0.116667 0.012161 0.026667
1 0.739476 0.1325 0.014032 0.035
1 0.756782 0.136667 0.011225 0.03
1 0.793732 0.1175 0.01029 0.028333
1 0.786249 0.130833 0.012161 0.031667
1 0.799345 0.175 0.015903 0.036667
1 0.81478 0.17 0.013096 0.036667
1 0.770346 0.219167 0.017774 0.055
1 0.778765 0.289167 0.021515 0.058333
1 0.734799 0.180833 0.015903 0.041667
1 0.703929 0.129167 0.014032 0.038333
1 0.688962 0.098333 0.012161 0.03
1 0.664172 0.126667 0.013096 0.03
1 0.683349 0.145 0.014032 0.036667
1 0.682881 0.181667 0.018709 0.046667
1 0.698316 0.220833 0.021515 0.048333
1 0.707203 0.285833 0.024322 0.051667
1 0.658559 0.249167 0.02058 0.045
1 0.660898 0.205 0.019645 0.043333
1 0.64406 0.175 0.015903 0.04
1 0.670253 0.330833 0.028999 0.061667
1 0.60898 0.1975 0.018709 0.041667
1 0.593078 0.251667 0.02058 0.046667
1 0.568756 0.24 0.016838 0.043333
1 0.560337 0.2925 0.02058 0.055
1 0.608045 0.325 0.028064 0.056667
1 0.62348 0.095833 0.012161 0.028333
1 0.638447 0.099167 0.01029 0.021667
1 0.63985 0.1225 0.009355 0.028333
1 0.610851 0.115833 0.011225 0.025
1 0.620674 0.1375 0.014032 0.035
1 0.592142 0.0975 0.011225 0.028333
1 0.560804 0.105 0.01029 0.023333
1 0.584659 0.154167 0.014967 0.031667
1 0.548176 0.150833 0.013096 0.035
1 0.525257 0.136667 0.014032 0.03
1 0.450889 0.140833 0.009355 0.021667
1 0.454163 0.164167 0.01029 0.025
1 0.478952 0.16 0.011225 0.03
1 0.47521 0.143333 0.009355 0.02
1 0.512629 0.168333 0.014967 0.026667
1 0.538821 0.191667 0.014967 0.036667
1 0.485968 0.195833 0.014032 0.031667
1 0.46492 0.189167 0.013096 0.031667
1 0.409261 0.16 0.008419 0.02
1 0.430309 0.166667 0.011225 0.03
1 0.388681 0.195 0.012161 0.026667
1 0.418616 0.215 0.015903 0.033333
1 0.44855 0.215833 0.015903 0.041667
1 0.435454 0.2725 0.021515 0.051667
1 0.469598 0.244167 0.018709 0.045
1 0.484097 0.290833 0.019645 0.051667
1 0.341908 0.216667 0.015903 0.033333
1 0.354537 0.229167 0.016838 0.025
1 0.368569 0.245833 0.018709 0.031667
1 0.342376 0.279167 0.014967 0.038333
1 0.328344 0.264167 0.016838 0.041667
1 0.310571 0.239167 0.013096 0.025
1 0.303087 0.254167 0.016838 0.031667
1 0.25725 0.281667 0.013096 0.023333
1 0.279233 0.2725 0.014032 0.025
1 0.059401 0.511667 0.045837 0.106667
1 0.812909 0.133333 0.009355 0.02