1 0.055176 0.656901 0.061523 0.076823
1 0.021973 0.546875 0.02832 0.039062
1 0.185547 0.76237 0.070312 0.092448
1 0.125977 0.632812 0.048828 0.054688
1 0.225586 0.621094 0.041016 0.057292
1 0.223633 0.671875 0.050781 0.059896
1 0.256836 0.666016 0.048828 0.06901
1 0.35498 0.744792 0.069336 0.096354
1 0.365723 0.692708 0.061523 0.0625
1 0.36084 0.650391 0.049805 0.058594
1 0.509766 0.695312 0.054688 0.088542
1 0.474121 0.615234 0.036133 0.053385
1 0.520508 0.638672 0.037109 0.05599
1 0.54834 0.622396 0.032227 0.049479
1 0.595703 0.648438 0.044922 0.059896
1 0.590332 0.770833 0.069336 0.096354
1 0.639648 0.777344 0.052734 0.083333
1 0.619629 0.914714 0.12207 0.154948
1 0.868652 0.895182 0.114258 0.141927
1 0.65625 0.671224 0.054688 0.076823
1 0.945312 0.490885 0.019531 0.039062