1 0.054 0.222222 0.024 0.036036
1 0.192 0.195195 0.02 0.036036
1 0.205 0.219219 0.026 0.042042
1 0.26 0.271772 0.1 0.171171
1 0.379 0.385886 0.126 0.237237
1 0.33 0.255255 0.044 0.084084
1 0.36 0.22973 0.048 0.075075
1 0.31 0.190691 0.028 0.045045
1 0.432 0.219219 0.064 0.108108
1 0.463 0.198198 0.026 0.048048
1 0.495 0.213213 0.03 0.054054
1 0.533 0.216216 0.03 0.06006
1 0.564 0.204204 0.032 0.048048
1 0.596 0.208709 0.036 0.063063
1 0.59 0.405405 0.1 0.174174
1 0.762 0.546547 0.12 0.186186
1 0.654 0.187688 0.068 0.123123
1 0.734 0.237237 0.036 0.066066
1 0.699 0.231231 0.038 0.048048
1 0.83 0.192192 0.076 0.126126