1 0.030387 0.402 0.055249 0.076
1 0.13674 0.404 0.058011 0.072
1 0.222376 0.396 0.052486 0.064
1 0.197514 0.34 0.035912 0.048
1 0.273481 0.348 0.033149 0.056
1 0.312155 0.406 0.049724 0.076
1 0.349448 0.368 0.030387 0.048
1 0.34116 0.328 0.030387 0.04
1 0.354972 0.316 0.024862 0.04
1 0.393646 0.312 0.024862 0.048
1 0.417127 0.34 0.027624 0.048
1 0.415746 0.398 0.046961 0.076
1 0.495856 0.364 0.041436 0.064
1 0.476519 0.338 0.024862 0.044
1 0.441989 0.314 0.022099 0.036
1 0.446133 0.224 0.019337 0.032
1 0.490331 0.292 0.024862 0.04
1 0.520718 0.348 0.030387 0.048
1 0.509669 0.316 0.019337 0.032
1 0.527624 0.296 0.022099 0.032
1 0.551105 0.316 0.019337 0.04
1 0.501381 0.246 0.019337 0.028
1 0.687845 0.326 0.022099 0.044
1 0.694751 0.304 0.019337 0.024
1 0.812155 0.432 0.049724 0.072