1 0.097 0.295796 0.07 0.117117
1 0.196 0.336336 0.048 0.072072
1 0.294 0.228228 0.052 0.084084
1 0.418 0.277778 0.044 0.081081
1 0.488 0.24024 0.056 0.084084
1 0.557 0.370871 0.054 0.111111
1 0.606 0.25976 0.048 0.093093
1 0.635 0.286787 0.054 0.111111
1 0.733 0.243243 0.066 0.108108
1 0.794 0.373874 0.092 0.123123
1 0.814 0.490991 0.1 0.159159
1 0.609 0.448949 0.066 0.117117
1 0.627 0.728228 0.102 0.147147
1 0.561 0.59009 0.098 0.135135
1 0.439 0.755255 0.122 0.177177
1 0.177 0.641141 0.146 0.195195