1 0.242375 0.437667 0.03575 0.057333
1 0.165125 0.592167 0.05225 0.067667
1 0.297625 0.614333 0.06725 0.088
1 0.361375 0.554833 0.05225 0.059667
1 0.51175 0.566833 0.053 0.077667
1 0.602125 0.667333 0.09925 0.143333
1 0.524125 0.546167 0.03425 0.042333
1 0.69725 0.566333 0.056 0.064667
1 0.7045 0.537167 0.0325 0.038333
1 0.77075 0.58 0.0545 0.088
1 0.7885 0.538167 0.0325 0.046333
1 0.846125 0.539167 0.03425 0.060333
1 0.8745 0.535 0.044 0.076667
1 0.900375 0.515333 0.02425 0.047333
1 0.93475 0.547333 0.0385 0.068667
1 0.93925 0.7855 0.1205 0.238333