1 0.061875 0.603333 0.08625 0.126667
1 0.12 0.540833 0.0375 0.058333
1 0.123125 0.505 0.03875 0.046667
1 0.196875 0.5675 0.05625 0.088333
1 0.19625 0.5075 0.0375 0.048333
1 0.2375 0.4975 0.035 0.058333
1 0.288125 0.48 0.02625 0.043333
1 0.2625 0.701667 0.105 0.15
1 0.344375 0.5725 0.04625 0.068333
1 0.39 0.518333 0.0375 0.053333
1 0.371875 0.508333 0.02375 0.04
1 0.39 0.483333 0.0225 0.033333
1 0.34375 0.491667 0.025 0.036667
1 0.445625 0.535 0.03875 0.053333
1 0.430625 0.489167 0.02375 0.031667
1 0.433125 0.469167 0.01375 0.021667
1 0.4825 0.490833 0.02 0.031667
1 0.486875 0.470833 0.01875 0.021667
1 0.474375 0.476667 0.01625 0.026667
1 0.510625 0.5125 0.02875 0.041667
1 0.511875 0.47 0.01625 0.026667
1 0.535625 0.480833 0.02375 0.041667
1 0.56 0.4975 0.0375 0.058333
1 0.591875 0.495833 0.02375 0.041667
1 0.626875 0.4875 0.02375 0.038333
1 0.6525 0.476667 0.0175 0.026667
1 0.668125 0.484167 0.02125 0.035
1 0.691875 0.474167 0.02375 0.031667
1 0.71 0.469167 0.02 0.031667
1 0.7275 0.5025 0.0275 0.045
1 0.7125 0.5275 0.0375 0.058333
1 0.66 0.54 0.0325 0.056667
1 0.616875 0.565 0.04625 0.06
1 0.553125 0.63 0.06125 0.096667
1 0.473125 0.735833 0.10375 0.165
1 0.794375 0.551667 0.03625 0.066667
1 0.759375 0.5075 0.02625 0.041667
1 0.770625 0.49 0.01875 0.036667
1 0.785625 0.485 0.02125 0.033333
1 0.793125 0.470833 0.01875 0.031667
1 0.811875 0.479167 0.01625 0.031667
1 0.8375 0.4875 0.0175 0.035
1 0.850625 0.503333 0.02625 0.04
1 0.859375 0.478333 0.01625 0.03
1 0.910625 0.514167 0.03625 0.068333
1 0.935625 0.48 0.02375 0.033333
1 0.960625 0.494167 0.01875 0.028333
1 0.985625 0.511667 0.02875 0.05
1 0.87375 0.589167 0.06 0.085
1 0.8675 0.638333 0.07 0.11