1 0.321579 0.199812 0.017895 0.031895
1 0.367895 0.198874 0.013684 0.026266
1 0.373684 0.181051 0.012632 0.02439
1 0.41 0.174484 0.013684 0.030019
1 0.428947 0.179174 0.013684 0.028143
1 0.452105 0.227955 0.015789 0.031895
1 0.458421 0.170732 0.011579 0.022514
1 0.45 0.152908 0.011579 0.02439
1 0.438421 0.146341 0.011579 0.030019
1 0.472105 0.133208 0.009474 0.018762
1 0.471053 0.160413 0.011579 0.02439
1 0.504211 0.185741 0.012632 0.030019
1 0.492105 0.17636 0.009474 0.030019
1 0.493684 0.13227 0.010526 0.020638
1 0.507368 0.13227 0.010526 0.02439
1 0.516316 0.164165 0.011579 0.031895
1 0.541579 0.141651 0.011579 0.028143
1 0.568947 0.144465 0.011579 0.018762
1 0.574211 0.125704 0.013684 0.022514
1 0.592632 0.15666 0.012632 0.028143
1 0.59 0.131332 0.011579 0.022514
1 0.554211 0.061914 0.009474 0.018762
1 0.615263 0.10788 0.009474 0.020638
1 0.628421 0.134146 0.010526 0.016886
1 0.625263 0.160413 0.010526 0.020638
1 0.653158 0.111632 0.009474 0.016886
1 0.67 0.113508 0.011579 0.028143
1 0.678947 0.130394 0.008421 0.028143
1 0.698421 0.123827 0.009474 0.022514
1 0.564211 0.24015 0.018947 0.045028
1 0.550526 0.185741 0.012632 0.022514
1 0.63 0.201689 0.015789 0.046904
1 0.644211 0.189493 0.014737 0.033771
1 0.663684 0.21576 0.015789 0.037523
1 0.706842 0.23546 0.017895 0.043152
1 0.706316 0.195122 0.014737 0.033771
1 0.690526 0.180113 0.012632 0.033771
1 0.765263 0.318949 0.033684 0.071295
1 0.732632 0.17636 0.016842 0.033771
1 0.724737 0.14728 0.011579 0.02439
1 0.750526 0.139775 0.010526 0.016886
1 0.761579 0.13227 0.009474 0.016886
1 0.768421 0.173546 0.012632 0.031895
1 0.786316 0.165103 0.010526 0.026266
1 0.805263 0.158537 0.014737 0.031895
1 0.816842 0.136961 0.012632 0.030019
1 0.792632 0.212008 0.014737 0.041276
1 0.813684 0.192308 0.012632 0.0394
1 0.827368 0.17167 0.010526 0.031895
1 0.852105 0.137899 0.011579 0.028143
1 0.882632 0.15197 0.011579 0.026266
1 0.853684 0.198874 0.012632 0.037523
1 0.878421 0.229831 0.013684 0.043152
1 0.886842 0.204503 0.013684 0.022514
1 0.914737 0.182927 0.010526 0.02439
1 0.931053 0.227955 0.015789 0.043152
1 0.935789 0.170732 0.012632 0.022514
1 0.872105 0.272045 0.017895 0.045028