1 0.059167 0.60125 0.108333 0.2125
1 0.221667 0.68 0.13 0.215
1 0.18 0.47625 0.053333 0.0925
1 0.415 0.45125 0.06 0.1125
1 0.181667 0.54 0.07 0.085
1 0.445833 0.62125 0.101667 0.1775
1 0.384167 0.84375 0.181667 0.2775
1 0.501667 0.25875 0.03 0.0675
1 0.491667 0.455 0.066667 0.12
1 0.576667 0.44625 0.056667 0.1175
1 0.631667 0.42625 0.07 0.1225
1 0.651667 0.6575 0.126667 0.185
1 0.801667 0.7125 0.14 0.24
1 0.774167 0.485 0.061667 0.09
1 0.841667 0.4725 0.07 0.13
1 0.910833 0.45625 0.041667 0.0775