1 0.070833 0.765 0.088333 0.15
1 0.165 0.6375 0.066667 0.11
1 0.145 0.52875 0.056667 0.0925
1 0.218333 0.55625 0.053333 0.0925
1 0.289167 0.67625 0.081667 0.1325
1 0.333333 0.55 0.056667 0.1
1 0.375 0.625 0.083333 0.11
1 0.335 0.2375 0.046667 0.095
1 0.441667 0.49375 0.05 0.0975
1 0.484167 0.5325 0.055 0.085
1 0.5525 0.58375 0.078333 0.1175
1 0.5875 0.77125 0.078333 0.1425
1 0.685833 0.86375 0.101667 0.1825
1 0.573333 0.29125 0.056667 0.0875
1 0.676667 0.25 0.063333 0.105
1 0.944167 0.36625 0.045 0.0875