1 0.085 0.810185 0.086 0.157407
1 0.032 0.731481 0.06 0.12963
1 0.079 0.654321 0.058 0.117284
1 0.126 0.669753 0.076 0.123457
1 0.138 0.592593 0.052 0.074074
1 0.067 0.57716 0.05 0.074074
1 0.05 0.458333 0.036 0.064815
1 0.148 0.524691 0.04 0.061728
1 0.254 0.635802 0.064 0.104938
1 0.216 0.638889 0.052 0.111111
1 0.237 0.722222 0.082 0.123457
1 0.268 0.904321 0.104 0.166667
1 0.363 0.799383 0.082 0.141975
1 0.389 0.395062 0.066 0.123457
1 0.492 0.410494 0.036 0.080247
1 0.503 0.597222 0.042 0.095679
1 0.541 0.583333 0.042 0.092593
1 0.583 0.549383 0.034 0.067901
1 0.613 0.614198 0.054 0.111111
1 0.492 0.850309 0.112 0.194444
1 0.724 0.654321 0.064 0.111111
1 0.671 0.58642 0.038 0.074074
1 0.692 0.574074 0.032 0.061728
1 0.709 0.433642 0.038 0.064815
1 0.817 0.476852 0.066 0.114198
1 0.864 0.429012 0.032 0.061728
1 0.956 0.427469 0.08 0.151235
1 0.732 0.875 0.096 0.145062