1 0.215 0.297398 0.082 0.208178
1 0.345 0.498141 0.038 0.081784
1 0.388 0.486989 0.044 0.111524
1 0.421 0.527881 0.046 0.111524
1 0.474 0.566914 0.068 0.137546
1 0.56 0.622677 0.108 0.204461
1 0.511 0.410781 0.034 0.085502
1 0.546 0.449814 0.044 0.111524
1 0.558 0.381041 0.024 0.055762
1 0.586 0.394052 0.032 0.081784
1 0.626 0.379182 0.036 0.081784
1 0.661 0.366171 0.026 0.048327
1 0.718 0.328996 0.024 0.063197
1 0.747 0.355019 0.034 0.078067
1 0.751 0.496283 0.07 0.144981
1 0.777 0.414498 0.05 0.092937
1 0.843 0.509294 0.078 0.178439
1 0.857 0.395911 0.058 0.107807
1 0.831 0.336431 0.034 0.085502
1 0.848 0.304833 0.032 0.066914
1 0.922 0.325279 0.036 0.078067
1 0.966 0.394052 0.06 0.148699
1 0.966 0.297398 0.032 0.074349
1 0.948 0.622677 0.096 0.211896