1 0.119134 0.256494 0.01444 0.029221
1 0.263989 0.407468 0.049639 0.113636
1 0.287455 0.23539 0.013538 0.029221
1 0.298736 0.241883 0.016245 0.029221
1 0.365975 0.162338 0.017148 0.038961
1 0.380415 0.191558 0.013538 0.029221
1 0.41426 0.210227 0.012635 0.037338
1 0.404332 0.209416 0.01444 0.038961
1 0.476534 0.143669 0.019856 0.040584
1 0.634025 0.140422 0.015343 0.021104
1 0.645758 0.114448 0.011733 0.027597
1 0.647563 0.143669 0.013538 0.027597
1 0.726986 0.0625 0.013538 0.034091
1 0.749549 0.130682 0.011733 0.027597
1 0.76444 0.13961 0.01444 0.029221
1 0.819495 0.25974 0.019856 0.051948
1 0.861913 0.1875 0.01444 0.034091
1 0.884025 0.256494 0.020758 0.045455
1 0.912906 0.257305 0.020758 0.043831
1 0.93231 0.18263 0.012635 0.034091