1 0.058 0.359517 0.048 0.060423
1 0.112 0.400302 0.024 0.039275
1 0.164 0.377644 0.028 0.048338
1 0.199 0.373112 0.042 0.063444
1 0.28 0.351964 0.052 0.087613
1 0.323 0.373112 0.034 0.069486
1 0.383 0.377644 0.026 0.042296
1 0.441 0.376133 0.03 0.063444
1 0.405 0.389728 0.018 0.036254
1 0.362 0.39426 0.02 0.033233
1 0.352 0.401813 0.016 0.024169
1 0.481 0.386707 0.026 0.042296
1 0.542 0.359517 0.052 0.090634
1 0.611 0.373112 0.046 0.075529
1 0.643 0.39426 0.03 0.057402
1 0.702 0.403323 0.04 0.063444
1 0.753 0.42145 0.026 0.039275
1 0.945 0.329305 0.034 0.048338