1 0.58775 0.482746 0.0175 0.029257
1 0.82025 0.72168 0.0515 0.073518
1 0.803 0.679295 0.036 0.053263
1 0.7085 0.81808 0.087 0.137284
1 0.696 0.677419 0.044 0.063016
1 0.67925 0.648537 0.0225 0.042761
1 0.5935 0.684171 0.045 0.070518
1 0.6075 0.644786 0.025 0.04126
1 0.5595 0.833458 0.126 0.211553
1 0.4945 0.665041 0.045 0.075769
1 0.372 0.784696 0.07 0.11853
1 0.3325 0.691298 0.05 0.086272
1 0.3755 0.643286 0.033 0.063766
1 0.41675 0.636534 0.0305 0.050263
1 0.30925 0.633158 0.0265 0.051013
1 0.28975 0.611778 0.0285 0.051763
1 0.2885 0.572018 0.022 0.029257
1 0.325 0.575394 0.021 0.030008
1 0.285 0.55814 0.018 0.028507
1 0.18575 0.548012 0.0275 0.045761
1 0.19925 0.653413 0.0465 0.085521
1 0.11625 0.919355 0.1535 0.16129
1 0.175 0.605401 0.034 0.051013
1 0.15225 0.53976 0.0225 0.035259
1 0.126 0.575394 0.033 0.042011
1 0.075 0.515379 0.02 0.03901
1 0.02175 0.58177 0.0355 0.057764
1 0.00775 0.501875 0.0145 0.028507
1 0.0185 0.497374 0.015 0.027007