1 0.021472 0.288856 0.038855 0.067449
1 0.021472 0.341642 0.038855 0.079179
1 0.095092 0.356305 0.067485 0.108504
1 0.205521 0.237537 0.173824 0.269795
1 0.311861 0.258065 0.042945 0.076246
1 0.385481 0.22434 0.051125 0.067449
1 0.402863 0.309384 0.04908 0.079179
1 0.47137 0.281525 0.096115 0.170088
1 0.539877 0.253666 0.04499 0.067449
1 0.649284 0.334311 0.145194 0.228739
1 0.718814 0.255132 0.038855 0.070381
1 0.768916 0.35044 0.0409 0.079179
1 0.802658 0.246334 0.030675 0.064516
1 0.862986 0.328446 0.0409 0.064516
1 0.93456 0.337243 0.06953 0.111437