1 0.871231 0.2627 0.00978 0.029028
1 0.895681 0.29971 0.01304 0.033382
1 0.906683 0.334543 0.013855 0.036284
1 0.91524 0.322932 0.01141 0.030479
1 0.93154 0.309144 0.01141 0.029028
1 0.931133 0.356313 0.015485 0.039187
1 0.90546 0.407837 0.02119 0.05225
1 0.903423 0.46299 0.026895 0.060958
1 0.880603 0.33672 0.015485 0.043541
1 0.876528 0.367925 0.018745 0.047896
1 0.859821 0.394775 0.02282 0.058055
1 0.845966 0.449202 0.02771 0.056604
1 0.820293 0.521045 0.028525 0.063861
1 0.790139 0.43106 0.022005 0.049347
1 0.811328 0.375907 0.020375 0.049347
1 0.813366 0.345428 0.01793 0.037736
1 0.818663 0.314949 0.017115 0.037736
1 0.811328 0.278665 0.012225 0.029028
1 0.840668 0.269956 0.010595 0.029028
1 0.841483 0.317852 0.013855 0.037736
1 0.849633 0.288099 0.012225 0.036284
1 0.857783 0.283019 0.012225 0.03193
1 0.753056 0.24238 0.01141 0.029028
1 0.760799 0.270682 0.012225 0.027576
1 0.770986 0.292453 0.01304 0.033382
1 0.780359 0.251089 0.012225 0.029028
1 0.789731 0.2627 0.01304 0.03193
1 0.742461 0.261974 0.01304 0.036284
1 0.702934 0.25762 0.012225 0.030479
1 0.726976 0.297533 0.01304 0.03193
1 0.704971 0.30479 0.01793 0.037736
1 0.733904 0.41582 0.025265 0.053701
1 0.690709 0.362845 0.018745 0.043541
1 0.646699 0.351234 0.018745 0.043541
1 0.658924 0.377358 0.026895 0.055152
1 0.670742 0.459361 0.03097 0.065312
1 0.707416 0.494194 0.03586 0.07402
1 0.678484 0.280116 0.017115 0.034833
1 0.674409 0.222787 0.010595 0.027576
1 0.677262 0.239478 0.01141 0.026125
1 0.695192 0.231495 0.01141 0.024673
1 0.629992 0.219884 0.01141 0.024673
1 0.609209 0.21553 0.010595 0.024673
1 0.56031 0.235849 0.010595 0.024673
1 0.57824 0.238026 0.008965 0.023222
1 0.58476 0.266328 0.012225 0.030479
1 0.599022 0.233672 0.01141 0.026125
1 0.599837 0.260522 0.01141 0.030479
1 0.641402 0.2373 0.01141 0.033382
1 0.640179 0.256168 0.010595 0.030479
1 0.632844 0.307692 0.015485 0.034833
1 0.603504 0.340348 0.018745 0.047896
1 0.614914 0.373004 0.022005 0.058055
1 0.544825 0.280116 0.017115 0.034833
1 0.562755 0.296081 0.015485 0.037736
1 0.513447 0.277939 0.0163 0.030479
1 0.518337 0.255443 0.01141 0.029028
1 0.511002 0.328737 0.01956 0.04209
1 0.53912 0.391147 0.022005 0.047896
1 0.551345 0.416546 0.028525 0.05225
1 0.409128 0.283745 0.01304 0.030479
1 0.410758 0.311321 0.01304 0.033382
1 0.44947 0.273585 0.012225 0.030479
1 0.470253 0.251089 0.00978 0.026125
1 0.476773 0.278665 0.01141 0.03193
1 0.473513 0.313498 0.01304 0.034833
1 0.435615 0.320755 0.015485 0.040639
1 0.449063 0.352685 0.02119 0.043541
1 0.387531 0.343251 0.015485 0.036284
1 0.40872 0.351959 0.015485 0.044993
1 0.395681 0.264151 0.010595 0.026125
1 0.359006 0.308418 0.013855 0.033382
1 0.339038 0.370102 0.02119 0.049347
1 0.360228 0.345428 0.01304 0.029028
1 0.467808 0.423803 0.02608 0.058055
1 0.033822 0.414369 0.020375 0.04209
1 0.234719 0.352685 0.01304 0.034833
1 0.261614 0.389695 0.0163 0.04209
1 0.292176 0.378084 0.017115 0.04209
1 0.292584 0.315675 0.01467 0.036284