1 0.6206 0.355042 0.0292 0.054622
1 0.6442 0.571429 0.0516 0.087635
1 0.665 0.626951 0.0644 0.103842
1 0.717 0.558824 0.0388 0.067227
1 0.7612 0.592737 0.0496 0.081032
1 0.8002 0.785114 0.0948 0.145258
1 0.8312 0.642557 0.0584 0.093037
1 0.8146 0.548319 0.042 0.070228
1 0.334 0.558523 0.0408 0.066627
1 0.3044 0.59934 0.0432 0.088235
1 0.2778 0.619748 0.0524 0.101441
1 0.199 0.563025 0.0524 0.084034
1 0.247 0.542017 0.0476 0.086435
1 0.1068 0.637755 0.0664 0.096639
1 0.0456 0.586435 0.064 0.07443
1 0.1316 0.536915 0.044 0.07623
1 0.9096 0.590936 0.0512 0.085834
1 0.913 0.536014 0.0412 0.067227
1 0.9668 0.741597 0.0664 0.127851
1 0.9788 0.646759 0.0424 0.07503
1 0.9824 0.57413 0.0352 0.081032