1 0.057159 0.617917 0.063263 0.0475
1 0.049945 0.575417 0.039956 0.0375
1 0.103774 0.565417 0.056604 0.0425
1 0.246393 0.555417 0.039956 0.034167
1 0.325749 0.593333 0.061043 0.043333
1 0.336848 0.55375 0.038846 0.030833
1 0.436182 0.559167 0.053274 0.033333
1 0.520533 0.554583 0.053274 0.0325
1 0.460599 0.674583 0.108768 0.0925
1 0.40788 0.795417 0.203108 0.1825
1 0.727525 0.6075 0.09434 0.08
1 0.629301 0.570833 0.066593 0.055
1 0.675916 0.545417 0.042175 0.040833
1 0.727525 0.5525 0.047725 0.04
1 0.841287 0.5475 0.055494 0.041667
1 0.926193 0.600417 0.083241 0.0725
1 0.872919 0.723333 0.167592 0.143333