1 0.063143 0.386023 0.043966 0.076539
1 0.252105 0.284526 0.017774 0.033278
1 0.273152 0.265391 0.02058 0.044925
1 0.288587 0.278702 0.017774 0.031614
1 0.307297 0.257903 0.023386 0.049917
1 0.330215 0.267887 0.018709 0.043261
1 0.346118 0.266223 0.018709 0.049917
1 0.326473 0.21797 0.018709 0.033278
1 0.350795 0.211314 0.016838 0.036606
1 0.377456 0.207155 0.017774 0.034942
1 0.390084 0.193012 0.018709 0.036606
1 0.399439 0.205491 0.016838 0.03827
1 0.427502 0.21381 0.016838 0.028286
1 0.431712 0.262895 0.023386 0.049917
1 0.41768 0.164725 0.015903 0.026622
1 0.430776 0.159734 0.015903 0.036606
1 0.439196 0.201331 0.015903 0.033278
1 0.45463 0.22213 0.018709 0.034942
1 0.464453 0.201331 0.017774 0.033278
1 0.460711 0.165557 0.015903 0.028286
1 0.453227 0.143927 0.012161 0.021631
1 0.471469 0.147255 0.016838 0.028286
1 0.481759 0.157238 0.02058 0.031614
1 0.487839 0.12396 0.014032 0.021631
1 0.503274 0.153078 0.014967 0.036606
1 0.519645 0.14975 0.017774 0.02995
1 0.492516 0.22213 0.023386 0.044925
1 0.521048 0.207987 0.024322 0.036606
1 0.543031 0.130616 0.015903 0.028286
1 0.551918 0.15807 0.016838 0.033278
1 0.558934 0.136439 0.015903 0.033278
1 0.575772 0.176373 0.019645 0.043261
1 0.580917 0.150582 0.018709 0.031614
1 0.562675 0.103161 0.014032 0.023295
1 0.589804 0.114809 0.015903 0.026622
1 0.59261 0.094842 0.014032 0.026622
1 0.621609 0.137271 0.015903 0.031614
1 0.615529 0.118968 0.013096 0.021631
1 0.61927 0.101498 0.013096 0.023295
1 0.637979 0.115641 0.013096 0.028286
1 0.653414 0.09817 0.014032 0.026622
1 0.671656 0.109817 0.014967 0.026622
1 0.70159 0.091514 0.014967 0.033278
1 0.565482 0.238769 0.023386 0.048253
1 0.490645 0.288686 0.03087 0.054908
1 0.550047 0.300333 0.029935 0.054908
1 0.60898 0.322795 0.031805 0.0599
1 0.609916 0.254576 0.029935 0.053245
1 0.621609 0.211314 0.023386 0.049917
1 0.665108 0.198003 0.02058 0.046589
1 0.655753 0.166389 0.018709 0.036606
1 0.683349 0.147255 0.021515 0.041597
1 0.708606 0.128952 0.015903 0.034942
1 0.700187 0.204659 0.023386 0.049917
1 0.66464 0.257072 0.028999 0.048253
1 0.710477 0.289517 0.03087 0.049917
1 0.678672 0.331115 0.034612 0.063228
1 0.781572 0.295341 0.032741 0.064892
1 0.754443 0.228785 0.025257 0.061564
1 0.722638 0.176373 0.021515 0.046589
1 0.729186 0.148918 0.017774 0.03827
1 0.737138 0.120632 0.016838 0.03827
1 0.747895 0.131448 0.014032 0.039933
1 0.75725 0.147255 0.017774 0.03827
1 0.753976 0.107321 0.013096 0.03827
1 0.768007 0.126456 0.016838 0.039933
1 0.784378 0.118136 0.012161 0.02995
1 0.797942 0.130616 0.014967 0.031614
1 0.812909 0.12396 0.014967 0.034942
1 0.79841 0.168885 0.019645 0.041597
1 0.816651 0.164725 0.014967 0.036606
1 0.837231 0.134775 0.014967 0.036606
1 0.846586 0.18802 0.016838 0.046589
1 0.806829 0.240433 0.021515 0.054908
1 0.867633 0.227121 0.019645 0.044925
1 0.883068 0.193012 0.016838 0.036606
1 0.892891 0.161398 0.017774 0.039933
1 0.895697 0.12396 0.017774 0.03827
1 0.853601 0.148087 0.017774 0.036606
1 0.862956 0.142263 0.014032 0.034942
1 0.871375 0.124792 0.012161 0.026622
1 0.91768 0.165557 0.018709 0.041597
1 0.926567 0.193844 0.015903 0.044925
1 0.929841 0.15807 0.013096 0.036606