1 0.014063 0.483184 0.025 0.05157
1 0.114062 0.532511 0.0375 0.065022
1 0.126562 0.470852 0.025 0.035874
1 0.154688 0.476457 0.025 0.038117
1 0.150781 0.452915 0.020313 0.022422
1 0.132031 0.442825 0.017188 0.024664
1 0.121094 0.439462 0.017188 0.022422
1 0.116406 0.418161 0.017188 0.020179
1 0.132812 0.421525 0.0125 0.017937
1 0.158594 0.432735 0.017188 0.017937
1 0.169531 0.438341 0.014063 0.020179
1 0.160938 0.421525 0.0125 0.017937
1 0.146875 0.423767 0.009375 0.017937
1 0.189062 0.440583 0.01875 0.033632
1 0.210938 0.502242 0.025 0.049327
1 0.239063 0.513453 0.0375 0.067265
1 0.217969 0.470852 0.023438 0.035874
1 0.225 0.464126 0.01875 0.03139
1 0.208594 0.43722 0.014063 0.022422
1 0.235156 0.440583 0.017188 0.024664
1 0.221094 0.420404 0.010937 0.020179
1 0.232031 0.420404 0.014063 0.020179
1 0.261719 0.428251 0.014063 0.017937
1 0.25625 0.449552 0.01875 0.029148
1 0.291406 0.449552 0.017188 0.024664
1 0.28125 0.443946 0.0125 0.022422
1 0.282813 0.414798 0.0125 0.022422
1 0.30625 0.423767 0.0125 0.022422
1 0.296875 0.423767 0.009375 0.017937
1 0.290625 0.418161 0.009375 0.020179
1 0.320312 0.48991 0.03125 0.056054
1 0.334375 0.457399 0.01875 0.026906
1 0.322656 0.43722 0.014063 0.026906
1 0.342187 0.428251 0.0125 0.022422
1 0.332031 0.419283 0.007812 0.017937
1 0.323437 0.420404 0.009375 0.020179
1 0.357031 0.480942 0.023438 0.047085
1 0.3625 0.461883 0.01875 0.035874
1 0.363281 0.43722 0.017188 0.022422
1 0.361719 0.420404 0.010937 0.015695
1 0.370312 0.423767 0.00625 0.013453
1 0.378125 0.424888 0.009375 0.015695
1 0.378906 0.433857 0.010937 0.020179
1 0.390625 0.441704 0.015625 0.026906
1 0.392188 0.494395 0.028125 0.047085
1 0.419531 0.479821 0.023438 0.040359
1 0.416406 0.44843 0.017188 0.022422
1 0.470313 0.506726 0.028125 0.044843
1 0.965625 0.477578 0.034375 0.053812
1 0.877344 0.482063 0.029687 0.044843
1 0.835156 0.450673 0.023438 0.03139
1 0.795312 0.475336 0.01875 0.035874
1 0.782031 0.445067 0.023438 0.033632
1 0.761719 0.482063 0.020313 0.040359
1 0.726562 0.473094 0.025 0.040359
1 0.728125 0.446188 0.01875 0.026906
1 0.675781 0.486547 0.020313 0.035874
1 0.675 0.452915 0.01875 0.03139
1 0.692969 0.445067 0.014063 0.029148
1 0.657031 0.43722 0.014063 0.026906
1 0.634375 0.429372 0.015625 0.029148
1 0.614844 0.476457 0.017188 0.038117
1 0.591406 0.48991 0.026562 0.038117
1 0.564844 0.477578 0.017188 0.035874
1 0.561719 0.452915 0.020313 0.035874
1 0.592187 0.443946 0.0125 0.026906
1 0.599219 0.429372 0.010937 0.020179
1 0.582031 0.429372 0.014063 0.024664
1 0.557031 0.42713 0.014063 0.024664
1 0.453906 0.451794 0.014063 0.033632
1 0.4375 0.438341 0.009375 0.020179
1 0.423438 0.424888 0.0125 0.015695
1 0.486719 0.440583 0.014063 0.020179
1 0.5125 0.439462 0.0125 0.022422
1 0.522656 0.430493 0.010937 0.017937
1 0.5375 0.423767 0.0125 0.022422
1 0.514844 0.419283 0.010937 0.017937
1 0.503125 0.418161 0.009375 0.020179
1 0.492969 0.42713 0.010937 0.015695
1 0.477344 0.429372 0.010937 0.015695
1 0.475781 0.414798 0.010937 0.017937
1 0.467969 0.426009 0.010937 0.017937
1 0.442969 0.414798 0.010937 0.017937