1 0.118333 0.474852 0.063333 0.10355
1 0.02 0.465976 0.036667 0.133136
1 0.1625 0.433432 0.041667 0.079882
1 0.1525 0.390533 0.035 0.059172
1 0.206667 0.37426 0.04 0.079882
1 0.24 0.613905 0.096667 0.14497
1 0.301667 0.41568 0.053333 0.091716
1 0.361667 0.392012 0.036667 0.06213
1 0.374167 0.284024 0.031667 0.053254
1 0.510833 0.504438 0.088333 0.156805
1 0.486667 0.43787 0.043333 0.071006
1 0.6075 0.236686 0.031667 0.059172
1 0.654167 0.335799 0.041667 0.091716
1 0.653333 0.369822 0.033333 0.065089
1 0.698333 0.35503 0.036667 0.071006
1 0.7075 0.41716 0.045 0.088757
1 0.761667 0.411243 0.056667 0.100592
1 0.836667 0.431953 0.063333 0.142012