1 0.179625 0.319838 0.042895 0.080972
1 0.22252 0.327935 0.053619 0.080972
1 0.327078 0.291498 0.037534 0.064777
1 0.367292 0.313765 0.042895 0.068826
1 0.396783 0.417004 0.058981 0.105263
1 0.470509 0.45749 0.077748 0.129555
1 0.442359 0.303644 0.037534 0.048583
1 0.49866 0.301619 0.037534 0.060729
1 0.52815 0.275304 0.032172 0.05668
1 0.557641 0.360324 0.053619 0.089069
1 0.595174 0.283401 0.032172 0.05668
1 0.616622 0.269231 0.02681 0.052632
1 0.66622 0.281377 0.029491 0.052632
1 0.693029 0.338057 0.040214 0.068826
1 0.650134 0.402834 0.0563 0.101215
1 0.668901 0.516194 0.077748 0.1417
1 0.849866 0.44332 0.058981 0.125506
1 0.797587 0.368421 0.040214 0.080972
1 0.770777 0.319838 0.029491 0.072874
1 0.843164 0.323887 0.029491 0.05668
1 0.859249 0.354251 0.029491 0.060729
1 0.908847 0.412955 0.048257 0.080972
1 0.91555 0.32996 0.034853 0.068826
1 0.978552 0.352227 0.037534 0.072874
1 0.898123 0.593117 0.091153 0.190283