1 0.076563 0.355236 0.046875 0.069815
1 0.146875 0.367556 0.053125 0.073922
1 0.222656 0.37269 0.048438 0.071869
1 0.305469 0.39117 0.035937 0.055441
1 0.289844 0.37885 0.042188 0.067762
1 0.361719 0.37885 0.035937 0.055441
1 0.398438 0.398357 0.0375 0.053388
1 0.425 0.352156 0.03125 0.051335
1 0.451562 0.393224 0.034375 0.059548
1 0.486719 0.36653 0.042188 0.051335
1 0.5 0.405544 0.040625 0.055441
1 0.542188 0.364476 0.040625 0.051335
1 0.557031 0.410678 0.035937 0.053388
1 0.620313 0.396304 0.040625 0.065708
1 0.609375 0.36037 0.034375 0.055441
1 0.653125 0.38501 0.0375 0.059548
1 0.674219 0.413758 0.035937 0.047228
1 0.682031 0.354209 0.032813 0.047228
1 0.725781 0.402464 0.045312 0.069815
1 0.715625 0.371663 0.03125 0.049281
1 0.750781 0.356263 0.032813 0.055441
1 0.785156 0.362423 0.042188 0.059548
1 0.824219 0.394251 0.051562 0.078029
1 0.885156 0.38193 0.042188 0.057495