1 0.167778 0.658333 0.028889 0.043333
1 0.287778 0.658333 0.033333 0.043333
1 0.407778 0.658333 0.028889 0.05
1 0.508889 0.655 0.031111 0.056667
1 0.613333 0.66 0.026667 0.06
1 0.71 0.658333 0.037778 0.056667
1 0.853333 0.568333 0.031111 0.063333
1 0.79 0.841667 0.051111 0.056667
1 0.775556 0.87 0.035556 0.053333
1 0.743333 0.88 0.046667 0.066667
1 0.694444 0.928333 0.051111 0.07
1 0.63 0.946667 0.086667 0.093333
1 0.68 0.836667 0.04 0.053333
1 0.537778 0.858333 0.04 0.056667
1 0.497778 0.86 0.044444 0.06
1 0.46 0.845 0.04 0.063333
1 0.451111 0.911667 0.053333 0.076667
1 0.511111 0.943333 0.062222 0.086667
1 0.351111 0.91 0.071111 0.073333
1 0.384444 0.868333 0.044444 0.07
1 0.377778 0.83 0.04 0.066667
1 0.343333 0.83 0.051111 0.08
1 0.298889 0.83 0.037778 0.06
1 0.265556 0.863333 0.046667 0.073333
1 0.197778 0.893333 0.066667 0.106667
1 0.205556 0.838333 0.042222 0.076667
1 0.142222 0.843333 0.048889 0.08
1 0.114444 0.813333 0.046667 0.073333
1 0.054444 0.933333 0.064444 0.106667
1 0.027778 0.836667 0.051111 0.086667
1 0.063333 0.875 0.051111 0.076667