1 0.759167 0.30875 0.035 0.0625
1 0.774167 0.66 0.101667 0.18
1 0.813333 0.525 0.063333 0.125
1 0.614167 0.57 0.078333 0.115
1 0.373333 0.69125 0.103333 0.1625
1 0.259167 0.5525 0.078333 0.14
1 0.158333 0.53625 0.073333 0.1125
1 0.144167 0.46125 0.055 0.0825
1 0.075833 0.39875 0.038333 0.0625
1 0.104167 0.385 0.035 0.06
1 0.160833 0.34125 0.031667 0.0475
1 0.25 0.33125 0.033333 0.0475
1 0.301667 0.3175 0.033333 0.04
1 0.355 0.32 0.026667 0.035
1 0.296667 0.415 0.04 0.065
1 0.349167 0.38375 0.031667 0.0525
1 0.3825 0.37125 0.035 0.0475
1 0.398333 0.3 0.023333 0.04
1 0.439167 0.34625 0.025 0.0425
1 0.476667 0.29625 0.026667 0.0375
1 0.493333 0.345 0.026667 0.045
1 0.53 0.3325 0.023333 0.035
1 0.515833 0.28375 0.021667 0.0375
1 0.593333 0.3125 0.02 0.04
1 0.6525 0.32375 0.028333 0.0475
1 0.4725 0.49875 0.061667 0.1075