1 0.026562 0.639583 0.035937 0.05
1 0.082812 0.785417 0.078125 0.0875
1 0.105469 0.910937 0.11875 0.146875
1 0.266797 0.820833 0.103906 0.120833
1 0.224609 0.695833 0.044531 0.0625
1 0.200391 0.654687 0.028906 0.048958
1 0.131641 0.665625 0.042969 0.0625
1 0.103516 0.625 0.033594 0.04375
1 0.172266 0.6125 0.024219 0.0375
1 0.213672 0.609896 0.027344 0.036458
1 0.226562 0.635417 0.03125 0.045833
1 0.285156 0.679167 0.0375 0.060417
1 0.285938 0.626563 0.025 0.040625
1 0.314063 0.641667 0.028125 0.041667
1 0.314844 0.609896 0.023438 0.040625
1 0.346484 0.607812 0.022656 0.038542
1 0.364453 0.632292 0.025781 0.039583
1 0.386328 0.61875 0.024219 0.041667
1 0.416797 0.611979 0.024219 0.032292
1 0.424609 0.645312 0.030469 0.042708
1 0.413281 0.703646 0.045312 0.069792
1 0.354687 0.711458 0.05 0.066667
1 0.462109 0.639583 0.025781 0.045833
1 0.472656 0.625521 0.017188 0.036458
1 0.494531 0.626042 0.023438 0.035417
1 0.535937 0.663021 0.035937 0.046875
1 0.559766 0.725521 0.057031 0.078125
1 0.608594 0.725 0.04375 0.0625
1 0.574219 0.653646 0.03125 0.048958
1 0.564063 0.626563 0.023438 0.036458
1 0.586328 0.63125 0.024219 0.0375
1 0.646875 0.653125 0.025 0.0375
1 0.674219 0.636458 0.026562 0.04375
1 0.692578 0.695312 0.039844 0.051042
1 0.727344 0.65625 0.039062 0.060417
1 0.916406 0.521354 0.059375 0.080208