1 0.069 0.527027 0.094 0.129129
1 0.215 0.451952 0.046 0.081081
1 0.439 0.333333 0.026 0.054054
1 0.538 0.40991 0.036 0.069069
1 0.562 0.456456 0.052 0.084084
1 0.62 0.53003 0.068 0.117117
1 0.632 0.444444 0.036 0.066066
1 0.683 0.462462 0.046 0.078078
1 0.719 0.441441 0.038 0.072072
1 0.768 0.471471 0.06 0.084084
1 0.793 0.621622 0.122 0.222222
1 0.929 0.593093 0.094 0.141141
1 0.875 0.490991 0.058 0.093093
1 0.854 0.448949 0.044 0.069069
1 0.887 0.415916 0.038 0.075075
1 0.968 0.459459 0.04 0.072072
1 0.982 0.483483 0.036 0.084084