1 0.017333 0.367 0.032 0.07
1 0.078 0.44 0.078667 0.116
1 0.116667 0.451 0.046667 0.098
1 0.108667 0.368 0.06 0.088
1 0.191333 0.4 0.046667 0.088
1 0.098667 0.552 0.093333 0.148
1 0.076667 0.842 0.145333 0.264
1 0.267333 0.49 0.068 0.104
1 0.299333 0.55 0.089333 0.156
1 0.346667 0.41 0.053333 0.092
1 0.366667 0.374 0.042667 0.076
1 0.487333 0.332 0.036 0.076
1 0.544667 0.36 0.044 0.084
1 0.588 0.346 0.04 0.076
1 0.676667 0.371 0.054667 0.102
1 0.525333 0.678 0.109333 0.176
1 0.733333 0.626 0.104 0.156
1 0.842 0.428 0.065333 0.112
1 0.894 0.431 0.084 0.154