1 0.036 0.622302 0.064 0.136691
1 0.031 0.483813 0.042 0.082734
1 0.128 0.480216 0.04 0.07554
1 0.156 0.446043 0.032 0.079137
1 0.218 0.528777 0.052 0.086331
1 0.173 0.708633 0.094 0.158273
1 0.243 0.46223 0.042 0.082734
1 0.251 0.408273 0.034 0.068345
1 0.313 0.442446 0.034 0.057554
1 0.331 0.417266 0.026 0.057554
1 0.304 0.566547 0.052 0.111511
1 0.329 0.517986 0.046 0.086331
1 0.436 0.548561 0.056 0.089928
1 0.396 0.469424 0.036 0.068345
1 0.398 0.417266 0.032 0.05036
1 0.436 0.410072 0.024 0.05036
1 0.453 0.438849 0.03 0.064748
1 0.499 0.464029 0.038 0.071942
1 0.477 0.406475 0.022 0.05036
1 0.489 0.397482 0.03 0.053957
1 0.546 0.413669 0.024 0.057554
1 0.564 0.422662 0.024 0.046763
1 0.57 0.460432 0.036 0.064748
1 0.593 0.553957 0.05 0.100719
1 0.484 0.649281 0.072 0.133094
1 0.611 0.491007 0.034 0.061151
1 0.615 0.426259 0.03 0.061151
1 0.663 0.442446 0.026 0.057554
1 0.68 0.465827 0.028 0.068345
1 0.694 0.438849 0.028 0.064748
1 0.729 0.539568 0.042 0.093525
1 0.767 0.494604 0.042 0.082734
1 0.749 0.447842 0.038 0.07554
1 0.796 0.442446 0.032 0.057554
1 0.853 0.465827 0.03 0.068345
1 0.892 0.46223 0.028 0.068345
1 0.916 0.221223 0.052 0.111511