1 0.04 0.346442 0.07 0.123596
1 0.0775 0.365169 0.025 0.048689
1 0.1125 0.372659 0.04 0.071161
1 0.145 0.344569 0.02 0.037453
1 0.18375 0.346442 0.0425 0.078652
1 0.23375 0.374532 0.0925 0.157303
1 0.3025 0.359551 0.03 0.052434
1 0.3325 0.344569 0.025 0.052434
1 0.34875 0.344569 0.0175 0.037453
1 0.3725 0.355805 0.03 0.052434
1 0.41625 0.434457 0.1125 0.172285
1 0.47 0.35206 0.06 0.082397
1 0.52125 0.340824 0.0225 0.044944
1 0.5125 0.350187 0.015 0.026217
1 0.55125 0.335206 0.0275 0.048689
1 0.5875 0.367041 0.035 0.059925
1 0.57375 0.331461 0.0225 0.041199
1 0.6275 0.331461 0.07 0.131086
1 0.66 0.344569 0.035 0.067416
1 0.69625 0.340824 0.0325 0.052434
1 0.7525 0.385768 0.14 0.2397
1 0.83125 0.331461 0.0275 0.041199
1 0.89875 0.346442 0.0925 0.146067