1 0.279687 0.490972 0.103125 0.1875
1 0.262891 0.379167 0.061719 0.102778
1 0.243359 0.340972 0.052344 0.076389
1 0.279687 0.315278 0.025 0.069444
1 0.192188 0.291667 0.04375 0.072222
1 0.157812 0.334722 0.04375 0.069444
1 0.124609 0.355556 0.046094 0.077778
1 0.084375 0.363889 0.065625 0.125
1 0.4 0.324306 0.026562 0.056944
1 0.438672 0.359028 0.032031 0.068056
1 0.464844 0.367361 0.0375 0.059722
1 0.469922 0.325 0.024219 0.055556
1 0.524219 0.230556 0.028125 0.063889
1 0.522266 0.377083 0.044531 0.104167
1 0.572266 0.377778 0.035156 0.077778
1 0.585547 0.325694 0.028906 0.065278
1 0.638281 0.511111 0.073438 0.130556
1 0.685547 0.454167 0.046094 0.102778
1 0.664844 0.380556 0.0375 0.075
1 0.649219 0.353472 0.034375 0.065278
1 0.723828 0.388889 0.028906 0.055556
1 0.751953 0.391667 0.030469 0.061111
1 0.760938 0.443056 0.057813 0.097222
1 0.809375 0.379861 0.035937 0.076389
1 0.85625 0.420833 0.0625 0.097222
1 0.964453 0.53125 0.071094 0.145833
1 0.958984 0.448611 0.049219 0.094444