1 0.11375 0.448333 0.0725 0.116667
1 0.03125 0.425 0.0525 0.076667
1 0.265 0.418333 0.07 0.09
1 0.21875 0.353333 0.0375 0.066667
1 0.26625 0.356667 0.0425 0.06
1 0.35625 0.36 0.0575 0.08
1 0.33125 0.315 0.0375 0.05
1 0.1825 0.361667 0.04 0.063333
1 0.1375 0.363333 0.045 0.066667
1 0.08875 0.331667 0.0325 0.05
1 0.06625 0.266667 0.0325 0.033333
1 0.085 0.216667 0.025 0.033333
1 0.0325 0.311667 0.02 0.036667
1 0.06125 0.33 0.0275 0.046667
1 0.11375 0.308333 0.0225 0.043333
1 0.10625 0.28 0.0275 0.04
1 0.02375 0.261667 0.0325 0.036667
1 0.03625 0.215 0.0225 0.03
1 0.18875 0.296667 0.0275 0.04
1 0.15375 0.275 0.0225 0.036667
1 0.225 0.268333 0.025 0.03
1 0.245 0.205 0.02 0.03
1 0.27875 0.21 0.0175 0.026667
1 0.2775 0.28 0.025 0.04
1 0.2725 0.31 0.025 0.046667
1 0.3275 0.273333 0.03 0.04
1 0.3375 0.195 0.02 0.036667
1 0.32375 0.206667 0.0175 0.033333
1 0.37625 0.206667 0.0225 0.033333
1 0.40625 0.193333 0.0225 0.04
1 0.4425 0.346667 0.045 0.08
1 0.43125 0.306667 0.0275 0.046667
1 0.39875 0.308333 0.0325 0.05
1 0.395 0.263333 0.03 0.046667
1 0.4325 0.255 0.03 0.043333
1 0.45125 0.263333 0.0275 0.04
1 0.48125 0.283333 0.0275 0.046667
1 0.50875 0.321667 0.0375 0.07
1 0.51875 0.27 0.0275 0.046667
1 0.48375 0.185 0.0225 0.036667
1 0.44 0.203333 0.025 0.04
1 0.53875 0.245 0.0275 0.043333
1 0.5525 0.29 0.025 0.053333
1 0.54625 0.178333 0.0275 0.043333
1 0.58 0.203333 0.025 0.033333
1 0.605 0.206667 0.025 0.04
1 0.59 0.253333 0.035 0.046667
1 0.5875 0.303333 0.035 0.053333
1 0.6325 0.283333 0.04 0.053333
1 0.65125 0.268333 0.0325 0.056667
1 0.66625 0.24 0.0275 0.04
1 0.6475 0.175 0.025 0.036667
1 0.695 0.255 0.02 0.043333
1 0.7175 0.24 0.025 0.04
1 0.71625 0.18 0.0225 0.033333
1 0.7575 0.181667 0.025 0.03
1 0.5625 0.596667 0.105 0.166667
1 0.6925 0.483333 0.07 0.113333
1 0.74 0.573333 0.115 0.186667
1 0.80125 0.468333 0.0875 0.13
1 0.70375 0.406667 0.0925 0.093333
1 0.7525 0.348333 0.055 0.076667
1 0.8275 0.348333 0.045 0.09
1 0.8675 0.373333 0.07 0.1
1 0.915 0.366667 0.045 0.08
1 0.97875 0.566667 0.0425 0.166667
1 0.98 0.455 0.04 0.116667
1 0.92 0.308333 0.04 0.063333
1 0.95375 0.31 0.0325 0.066667
1 0.9675 0.275 0.035 0.056667
1 0.99 0.245 0.015 0.043333
1 0.97125 0.225 0.0225 0.043333
1 0.925 0.26 0.03 0.04
1 0.89125 0.281667 0.0325 0.063333
1 0.8525 0.275 0.035 0.063333
1 0.82375 0.19 0.0325 0.046667
1 0.88125 0.176667 0.0225 0.04
1 0.9375 0.181667 0.02 0.036667