1 0.190375 0.446646 0.040034 0.085366
1 0.306644 0.230183 0.020443 0.036585
1 0.339012 0.198171 0.017036 0.036585
1 0.412692 0.196646 0.017888 0.039634
1 0.42121 0.172256 0.016184 0.036585
1 0.407581 0.157774 0.012777 0.028963
1 0.43569 0.15625 0.016184 0.028963
1 0.447615 0.168445 0.019591 0.035061
1 0.44293 0.224085 0.022147 0.045732
1 0.484242 0.221799 0.024702 0.044207
1 0.470613 0.176067 0.019591 0.041159
1 0.465928 0.134909 0.015332 0.028963
1 0.478705 0.141006 0.015332 0.035061
1 0.502129 0.145579 0.01448 0.035061
1 0.517462 0.153963 0.016184 0.036585
1 0.537905 0.134146 0.017888 0.033537
1 0.555792 0.179116 0.019591 0.041159
1 0.562181 0.134146 0.013629 0.033537
1 0.587308 0.14939 0.017888 0.039634
1 0.620528 0.130335 0.01448 0.032012
1 0.542589 0.170732 0.018739 0.036585
1 0.497445 0.289634 0.027257 0.060976
1 0.560903 0.248476 0.021295 0.051829
1 0.57879 0.284299 0.026405 0.071646
1 0.622658 0.28811 0.028961 0.07622
1 0.66908 0.32622 0.03322 0.07622
1 0.666951 0.282012 0.02385 0.045732
1 0.632453 0.277439 0.022998 0.054878
1 0.625639 0.215701 0.024702 0.053354
1 0.657581 0.18064 0.02385 0.050305
1 0.658859 0.22561 0.026405 0.057927
1 0.697615 0.192835 0.022147 0.041159
1 0.717206 0.234756 0.025554 0.057927
1 0.733816 0.181402 0.017888 0.045732
1 0.723169 0.087652 0.018739 0.044207
1 0.697189 0.160061 0.019591 0.033537
1 0.779387 0.206555 0.018739 0.047256
1 0.800681 0.152439 0.013629 0.036585
1 0.830494 0.165396 0.013629 0.035061
1 0.86414 0.16311 0.017888 0.045732
1 0.841993 0.205793 0.016184 0.045732
1 0.816014 0.240854 0.022147 0.045732
1 0.808773 0.278201 0.024702 0.0625
1 0.844123 0.3125 0.020443 0.054878
1 0.863714 0.289634 0.022147 0.045732
1 0.87862 0.217988 0.017888 0.04878
1 0.919506 0.227134 0.021295 0.045732
1 0.913543 0.34375 0.022998 0.053354
1 0.896508 0.384146 0.029813 0.073171