1 0.0475 0.723125 0.093333 0.16375
1 0.034583 0.59375 0.064167 0.0775
1 0.032917 0.55375 0.045833 0.065
1 0.100417 0.665625 0.074167 0.13375
1 0.1475 0.55625 0.051667 0.1025
1 0.120417 0.53125 0.0475 0.085
1 0.183333 0.589375 0.061667 0.10625
1 0.22375 0.665625 0.084167 0.13125
1 0.285833 0.5275 0.05 0.0725
1 0.334167 0.549375 0.051667 0.09625
1 0.383333 0.646875 0.068333 0.10125
1 0.402083 0.59875 0.060833 0.09
1 0.4 0.52 0.043333 0.07
1 0.436667 0.519375 0.036667 0.06875
1 0.378333 0.77875 0.1 0.1625
1 0.531667 0.395625 0.09 0.15125
1 0.602917 0.49 0.0425 0.0725
1 0.623333 0.48875 0.026667 0.06
1 0.657083 0.530625 0.040833 0.08375
1 0.688333 0.50125 0.038333 0.06
1 0.712917 0.57625 0.054167 0.115
1 0.741667 0.55 0.06 0.0975
1 0.8 0.485625 0.04 0.06125
1 0.85125 0.4425 0.040833 0.0625
1 0.89375 0.55625 0.060833 0.11
1 0.901667 0.51 0.05 0.0675
1 0.913333 0.475 0.035 0.0625
1 0.952083 0.55375 0.0575 0.0925
1 0.93125 0.75625 0.1275 0.2275
1 0.947917 0.65 0.0975 0.13