0 0.300312 0.472917 0.019375 0.030833
0 0.265313 0.502083 0.023125 0.039167
0 0.177813 0.354583 0.026875 0.035833
0 0.19625 0.27125 0.02 0.0375
0 0.254688 0.41875 0.024375 0.039167
0 0.247812 0.379167 0.021875 0.03
0 0.414687 0.5875 0.021875 0.035
0 0.808125 0.3725 0.01875 0.025
0 0.811875 0.320417 0.02 0.025833
0 0.75875 0.286667 0.01875 0.025
0 0.86875 0.659167 0.0225 0.028333
0 0.520312 0.6475 0.020625 0.031667
0 0.149688 0.216667 0.021875 0.033333
0 0.170937 0.1825 0.021875 0.03
0 0.1575 0.155833 0.02 0.026667
0 0.135625 0.120417 0.02 0.034167
0 0.127188 0.09875 0.018125 0.024167
0 0.607187 0.183333 0.014375 0.023333
0 0.499063 0.492917 0.016875 0.029167
1 0.444688 0.322083 0.011875 0.020833
1 0.4325 0.36375 0.0175 0.025833
1 0.461875 0.378333 0.0125 0.023333
1 0.468438 0.405 0.014375 0.021667
1 0.419063 0.435833 0.015625 0.021667
1 0.409375 0.404167 0.01375 0.021667