1 0.0405 0.472222 0.035 0.052553
1 0.0565 0.446697 0.023 0.046547
1 0.0345 0.405405 0.031 0.054054
1 0.101 0.406907 0.03 0.045045
1 0.1075 0.447447 0.029 0.048048
1 0.157 0.403904 0.028 0.051051
1 0.148 0.534535 0.05 0.081081
1 0.26 0.507508 0.048 0.09009
1 0.2535 0.457207 0.035 0.058559
1 0.309 0.505255 0.036 0.067568
1 0.334 0.518018 0.034 0.057057
1 0.316 0.442192 0.03 0.046547
1 0.3355 0.407658 0.029 0.052553
1 0.3645 0.456456 0.033 0.054054
1 0.403 0.414414 0.03 0.048048
1 0.4135 0.268769 0.021 0.039039
1 0.258 0.653153 0.09 0.141141
1 0.427 0.475225 0.038 0.058559
1 0.453 0.451952 0.028 0.051051
1 0.445 0.426426 0.022 0.039039
1 0.469 0.392643 0.022 0.043544
1 0.519 0.38964 0.028 0.043544
1 0.516 0.427928 0.026 0.042042
1 0.4955 0.527027 0.053 0.09009
1 0.512 0.505255 0.03 0.070571
1 0.459 0.590841 0.084 0.160661
1 0.4285 0.867868 0.159 0.264264
1 0.566 0.397898 0.016 0.036036
1 0.5845 0.421171 0.025 0.037538
1 0.587 0.45045 0.024 0.045045
1 0.6 0.5 0.032 0.075075
1 0.634 0.53003 0.056 0.108108
1 0.6525 0.467718 0.027 0.046547
1 0.6505 0.436937 0.023 0.036036
1 0.647 0.397147 0.026 0.037538
1 0.6265 0.394144 0.015 0.037538
1 0.6885 0.511261 0.035 0.058559
1 0.707 0.604354 0.092 0.127628
1 0.7685 0.551802 0.051 0.100601
1 0.73 0.503003 0.046 0.069069
1 0.7335 0.46997 0.039 0.051051
1 0.724 0.428679 0.024 0.040541
1 0.748 0.408408 0.028 0.042042
1 0.7335 0.382132 0.023 0.043544
1 0.782 0.423423 0.028 0.051051
1 0.812 0.447447 0.038 0.066066
1 0.82 0.512763 0.05 0.082583
1 0.846 0.496246 0.034 0.058559
1 0.8785 0.377628 0.027 0.040541
1 0.9415 0.411411 0.029 0.057057
1 0.9495 0.382883 0.023 0.045045
1 0.9645 0.588589 0.071 0.15015
1 0.9125 0.823574 0.175 0.298799