1 0.077 0.575075 0.054 0.075075
1 0.087 0.690691 0.09 0.144144
1 0.039 0.806306 0.074 0.189189
1 0.213 0.657658 0.07 0.12012
1 0.259 0.615616 0.05 0.078078
1 0.239 0.406907 0.034 0.063063
1 0.307 0.572072 0.046 0.075075
1 0.328 0.828829 0.148 0.216216
1 0.356 0.690691 0.088 0.138138
1 0.394 0.630631 0.056 0.102102
1 0.432 0.611111 0.044 0.075075
1 0.426 0.566066 0.044 0.063063
1 0.624 0.575075 0.044 0.075075
1 0.654 0.600601 0.052 0.084084
1 0.727 0.615616 0.066 0.114114
1 0.796 0.59009 0.064 0.087087
1 0.823 0.675676 0.09 0.12012
1 0.911 0.617117 0.07 0.123123
1 0.946 0.794294 0.108 0.219219