1 0.315375 0.549667 0.04775 0.086
1 0.270625 0.501333 0.03575 0.047333
1 0.2955 0.4835 0.025 0.038333
1 0.233875 0.475 0.01375 0.021333
1 0.343 0.483 0.0135 0.019333
1 0.367625 0.504333 0.01575 0.027333
1 0.4165 0.476 0.0135 0.031333
1 0.4395 0.488167 0.0145 0.021
1 0.482375 0.521167 0.03025 0.043667
1 0.479375 0.476 0.01975 0.027333
1 0.528625 0.4895 0.02575 0.032333
1 0.574 0.522 0.041 0.058667
1 0.667875 0.499333 0.03025 0.037333
1 0.724375 0.554333 0.05225 0.078667
1 0.784625 0.529167 0.03025 0.040333