1 0.035556 0.44 0.066667 0.1
1 0.022222 0.356667 0.04 0.073333
1 0.096667 0.363333 0.051111 0.086667
1 0.182222 0.391667 0.057778 0.076667
1 0.17 0.445 0.055556 0.076667
1 0.212222 0.54 0.077778 0.12
1 0.28 0.605 0.093333 0.136667
1 0.211111 0.316667 0.035556 0.073333
1 0.235556 0.333333 0.035556 0.06
1 0.277778 0.325 0.04 0.056667
1 0.315556 0.345 0.04 0.07
1 0.366667 0.478333 0.066667 0.103333
1 0.435556 0.351667 0.044444 0.07
1 0.407778 0.311667 0.033333 0.05
1 0.39 0.303333 0.024444 0.046667
1 0.452222 0.321667 0.028889 0.043333
1 0.483333 0.335 0.033333 0.063333
1 0.584444 0.381667 0.044444 0.076667
1 0.515556 0.496667 0.066667 0.12
1 0.434444 0.778333 0.122222 0.21
1 0.716667 0.761667 0.108889 0.216667
1 0.645556 0.5 0.064444 0.106667
1 0.644444 0.421667 0.057778 0.076667
1 0.673333 0.356667 0.044444 0.066667
1 0.763333 0.44 0.055556 0.086667
1 0.764444 0.373333 0.044444 0.073333
1 0.765556 0.535 0.073333 0.136667
1 0.833333 0.466667 0.062222 0.093333
1 0.837778 0.39 0.048889 0.073333
1 0.843333 0.685 0.113333 0.183333
1 0.926667 0.385 0.057778 0.083333
1 0.981111 0.403333 0.037778 0.073333