1 0.166667 0.48 0.12 0.195
1 0.47 0.485 0.02 0.04
1 0.5175 0.4875 0.021667 0.05
1 0.534167 0.45875 0.018333 0.0325
1 0.555833 0.49625 0.025 0.0475
1 0.5575 0.45625 0.021667 0.0375
1 0.596667 0.44 0.02 0.03
1 0.62 0.45125 0.02 0.0425
1 0.603333 0.49125 0.023333 0.0425
1 0.648333 0.4875 0.03 0.055
1 0.636667 0.4275 0.02 0.035
1 0.6675 0.46 0.025 0.04
1 0.675 0.42375 0.02 0.0375
1 0.725833 0.43875 0.025 0.0425
1 0.715833 0.4975 0.031667 0.06
1 0.778333 0.49875 0.033333 0.0575
1 0.8125 0.445 0.031667 0.055
1 0.798333 0.40625 0.02 0.0375
1 0.864167 0.405 0.025 0.05
1 0.925833 0.4425 0.041667 0.07
1 0.871667 0.50875 0.046667 0.0675