1 0.04625 0.196296 0.0425 0.059259
1 0.09375 0.244444 0.0525 0.059259
1 0.13875 0.274074 0.0575 0.066667
1 0.1025 0.368519 0.075 0.085185
1 0.05 0.472222 0.095 0.122222
1 0.29 0.431481 0.115 0.12963
1 0.2575 0.331481 0.06 0.077778
1 0.305 0.205556 0.05 0.062963
1 0.2625 0.138889 0.04 0.077778
1 0.36875 0.161111 0.0475 0.048148
1 0.4 0.190741 0.05 0.062963
1 0.45125 0.17963 0.0425 0.055556
1 0.42375 0.253704 0.0625 0.1
1 0.3925 0.364815 0.08 0.107407
1 0.52 0.325926 0.07 0.103704
1 0.52 0.140741 0.04 0.059259
1 0.52 0.040741 0.045 0.059259
1 0.5525 0.124074 0.035 0.062963
1 0.6025 0.166667 0.045 0.081481
1 0.63875 0.17963 0.0575 0.1
1 0.72125 0.277778 0.0575 0.088889
1 0.65 0.446296 0.105 0.159259
1 0.4875 0.583333 0.145 0.211111
1 0.3725 0.644444 0.18 0.237037
1 0.73875 0.224074 0.0375 0.062963
1 0.7325 0.166667 0.035 0.051852
1 0.78 0.148148 0.035 0.059259
1 0.84375 0.261111 0.0575 0.085185
1 0.89875 0.222222 0.0675 0.103704
1 0.8675 0.174074 0.035 0.066667