1 0.064394 0.448333 0.043561 0.08
1 0.25142 0.288333 0.014205 0.026667
1 0.289773 0.273333 0.015152 0.036667
1 0.307292 0.2625 0.016098 0.038333
1 0.33286 0.263333 0.016098 0.03
1 0.347538 0.295833 0.017045 0.031667
1 0.33428 0.220833 0.015152 0.031667
1 0.349432 0.218333 0.00947 0.026667
1 0.359375 0.2175 0.012311 0.028333
1 0.375947 0.205833 0.013258 0.025
1 0.401042 0.211667 0.017992 0.03
1 0.432292 0.270833 0.019886 0.041667
1 0.431818 0.2175 0.013258 0.028333
1 0.427557 0.186667 0.012311 0.023333
1 0.411932 0.18 0.013258 0.026667
1 0.461648 0.221667 0.016098 0.036667
1 0.442235 0.204167 0.013258 0.028333
1 0.46875 0.194167 0.015152 0.028333
1 0.462595 0.173333 0.012311 0.026667
1 0.455966 0.145833 0.012311 0.021667
1 0.473958 0.159167 0.008523 0.025
1 0.484848 0.165 0.011364 0.023333
1 0.48911 0.136667 0.008523 0.02
1 0.519886 0.161667 0.013258 0.026667
1 0.52178 0.211667 0.018939 0.033333
1 0.493845 0.224167 0.017992 0.031667
1 0.507102 0.196667 0.012311 0.026667
1 0.555871 0.1575 0.011364 0.025
1 0.537405 0.136667 0.012311 0.023333
1 0.5625 0.118333 0.013258 0.026667
1 0.574337 0.180833 0.016098 0.028333
1 0.583333 0.153333 0.013258 0.023333
1 0.593277 0.1275 0.010417 0.021667
1 0.592803 0.105833 0.011364 0.021667
1 0.624527 0.140833 0.016098 0.031667
1 0.627841 0.100833 0.011364 0.025
1 0.644413 0.1175 0.014205 0.025
1 0.644413 0.101667 0.010417 0.02
1 0.679451 0.119167 0.014205 0.025
1 0.699337 0.1 0.014205 0.03
1 0.491004 0.299167 0.019886 0.045
1 0.545928 0.311667 0.02178 0.046667
1 0.568182 0.256667 0.015152 0.036667
1 0.613163 0.22 0.016098 0.033333
1 0.616004 0.265 0.019886 0.036667
1 0.608428 0.338333 0.023674 0.05
1 0.67661 0.339167 0.023674 0.048333
1 0.664299 0.255 0.02178 0.05
1 0.656723 0.204167 0.019886 0.041667
1 0.663826 0.1775 0.015152 0.038333
1 0.694602 0.179167 0.017992 0.035
1 0.69697 0.145833 0.015152 0.028333
1 0.712595 0.145833 0.012311 0.031667
1 0.741951 0.121667 0.014205 0.03
1 0.75 0.1375 0.013258 0.028333
1 0.714962 0.280833 0.022727 0.041667
1 0.703598 0.230833 0.020833 0.038333
1 0.749527 0.199167 0.014205 0.031667
1 0.75947 0.174167 0.013258 0.031667
1 0.774148 0.136667 0.014205 0.023333
1 0.756155 0.123333 0.014205 0.023333
1 0.788826 0.124167 0.011364 0.028333
1 0.80303 0.1425 0.013258 0.028333
1 0.821023 0.125 0.013258 0.03
1 0.827178 0.165 0.014205 0.033333
1 0.803977 0.18 0.018939 0.033333
1 0.836648 0.139167 0.012311 0.021667
1 0.854167 0.154167 0.013258 0.028333
1 0.874053 0.135833 0.013258 0.028333
1 0.864583 0.186667 0.015152 0.033333
1 0.875473 0.235833 0.014205 0.038333
1 0.892045 0.199167 0.013258 0.031667
1 0.899621 0.173333 0.011364 0.026667
1 0.902936 0.145 0.010417 0.02
1 0.937027 0.160833 0.010417 0.025
1 0.934186 0.203333 0.016098 0.03
1 0.907197 0.169167 0.007576 0.021667
1 0.814867 0.249167 0.017992 0.045
1 0.791667 0.294167 0.020833 0.051667
1 0.774148 0.229167 0.02178 0.048333