1 0.102727 0.739659 0.096364 0.136253
1 0.017273 0.450122 0.027273 0.053528
1 0.047273 0.461071 0.029091 0.051095
1 0.073636 0.521898 0.045455 0.055961
1 0.098182 0.484185 0.032727 0.048662
1 0.101818 0.427007 0.029091 0.041363
1 0.14 0.457421 0.029091 0.043796
1 0.17 0.523114 0.049091 0.068127
1 0.175455 0.479319 0.038182 0.053528
1 0.208182 0.456204 0.034545 0.051095
1 0.246364 0.440389 0.030909 0.058394
1 0.256364 0.50365 0.04 0.058394
1 0.282727 0.546229 0.052727 0.075426
1 0.283636 0.46837 0.04 0.046229
1 0.305455 0.43674 0.029091 0.046229
1 0.340909 0.452555 0.027273 0.038929
1 0.349091 0.408759 0.029091 0.034063
1 0.372727 0.420925 0.025455 0.038929
1 0.4 0.448905 0.029091 0.046229
1 0.374545 0.482968 0.036364 0.051095
1 0.395455 0.541363 0.041818 0.075426
1 0.440909 0.615572 0.063636 0.097324
1 0.485455 0.521898 0.036364 0.055961
1 0.426364 0.462287 0.027273 0.043796
1 0.442727 0.430657 0.027273 0.038929
1 0.473636 0.452555 0.030909 0.038929
1 0.488182 0.422141 0.023636 0.03163
1 0.515455 0.43309 0.02 0.034063
1 0.538182 0.46837 0.032727 0.046229
1 0.552727 0.43674 0.025455 0.03163
1 0.589091 0.46837 0.029091 0.041363
1 0.613636 0.529197 0.045455 0.065693
1 0.546364 0.574209 0.056364 0.082725
1 0.649091 0.660584 0.065455 0.094891
1 0.713636 0.604623 0.06 0.094891
1 0.614545 0.454988 0.029091 0.043796
1 0.636364 0.441606 0.025455 0.041363
1 0.700909 0.46472 0.027273 0.048662
1 0.712727 0.453771 0.029091 0.041363
1 0.748182 0.445255 0.023636 0.043796
1 0.76 0.506083 0.043636 0.053528
1 0.804545 0.498783 0.034545 0.053528
1 0.824545 0.472019 0.030909 0.053528
1 0.880909 0.459854 0.030909 0.048662
1 0.936364 0.513382 0.050909 0.053528
1 0.943636 0.487835 0.032727 0.046229