1 0.084167 0.4475 0.058333 0.09
1 0.1225 0.36 0.038333 0.055
1 0.008333 0.2725 0.013333 0.04
1 0.176667 0.3875 0.04 0.09
1 0.1725 0.31875 0.031667 0.0525
1 0.168333 0.275 0.033333 0.045
1 0.21 0.28375 0.026667 0.0425
1 0.233333 0.40875 0.056667 0.1075
1 0.278333 0.38 0.04 0.075
1 0.2475 0.33625 0.028333 0.0475
1 0.29 0.32375 0.033333 0.0475
1 0.285 0.275 0.03 0.05
1 0.335 0.31875 0.03 0.0575
1 0.355833 0.33 0.031667 0.06
1 0.381667 0.33 0.033333 0.055
1 0.3675 0.2725 0.025 0.045
1 0.400833 0.2125 0.028333 0.045
1 0.366667 0.415 0.043333 0.085
1 0.394167 0.39125 0.035 0.0675
1 0.4525 0.39125 0.041667 0.0725
1 0.488333 0.415 0.05 0.09
1 0.495 0.33625 0.03 0.0575
1 0.463333 0.31375 0.03 0.0575
1 0.435833 0.315 0.031667 0.06
1 0.4525 0.22875 0.028333 0.0525
1 0.486667 0.225 0.023333 0.045
1 0.514167 0.23625 0.021667 0.0475
1 0.533333 0.32 0.03 0.055
1 0.521667 0.28875 0.03 0.0525
1 0.568333 0.235 0.023333 0.04
1 0.59 0.30875 0.03 0.0525
1 0.555833 0.355 0.028333 0.065
1 0.584167 0.39 0.035 0.075
1 0.635833 0.4225 0.051667 0.09
1 0.609167 0.25 0.028333 0.045
1 0.590833 0.21 0.021667 0.04
1 0.639167 0.1925 0.028333 0.05
1 0.659167 0.24625 0.028333 0.0525
1 0.63 0.31875 0.026667 0.0625
1 0.655833 0.335 0.028333 0.06
1 0.700833 0.37625 0.038333 0.0775
1 0.748333 0.4425 0.05 0.09
1 0.783333 0.38375 0.036667 0.0625
1 0.7575 0.325 0.038333 0.07
1 0.861667 0.44375 0.06 0.0975