1 0.198571 0.459167 0.052381 0.101667
1 0.257143 0.433333 0.047619 0.096667
1 0.31619 0.285833 0.017143 0.028333
1 0.378095 0.2575 0.020952 0.048333
1 0.41619 0.238333 0.017143 0.036667
1 0.43381 0.27 0.02381 0.046667
1 0.447143 0.228333 0.02381 0.043333
1 0.454286 0.189167 0.020952 0.038333
1 0.480952 0.193333 0.020952 0.04
1 0.47381 0.0875 0.018095 0.021667
1 0.468095 0.151667 0.012381 0.023333
1 0.501429 0.155833 0.018095 0.031667
1 0.537143 0.139167 0.013333 0.025
1 0.529524 0.159167 0.017143 0.031667
1 0.553333 0.154167 0.019048 0.031667
1 0.582381 0.153333 0.014286 0.033333
1 0.542381 0.2025 0.018095 0.035
1 0.482857 0.321667 0.032381 0.06
1 0.662381 0.2625 0.025714 0.051667
1 0.721429 0.288333 0.033333 0.056667
1 0.788095 0.270833 0.029524 0.061667
1 0.695714 0.150833 0.021905 0.038333
1 0.715714 0.134167 0.02 0.035
1 0.731905 0.160833 0.018095 0.035
1 0.750952 0.133333 0.018095 0.033333
1 0.764286 0.17 0.02 0.04
1 0.802857 0.190833 0.024762 0.045
1 0.871429 0.215 0.022857 0.046667
1 0.819524 0.129167 0.01619 0.038333