1 0.15 0.86773 0.095 0.140713
1 0.143125 0.751407 0.06125 0.084428
1 0.113125 0.653846 0.04375 0.065666
1 0.15875 0.621951 0.035 0.054409
1 0.141875 0.589118 0.02125 0.037523
1 0.1175 0.534709 0.02 0.037523
1 0.083125 0.565666 0.02125 0.031895
1 0.059375 0.570356 0.02375 0.033771
1 0.034375 0.603189 0.02875 0.046904
1 0.19 0.604128 0.0275 0.052533
1 0.2425 0.575985 0.02 0.041276
1 0.253125 0.560038 0.01875 0.028143
1 0.2875 0.540338 0.02 0.026266
1 0.275 0.76454 0.05 0.084428
1 0.34125 0.628518 0.0325 0.052533
1 0.368125 0.611632 0.02875 0.041276
1 0.381875 0.58349 0.01625 0.030019
1 0.395625 0.566604 0.01875 0.018762
1 0.43125 0.575985 0.03 0.045028
1 0.438125 0.542214 0.01625 0.026266
1 0.44875 0.437148 0.015 0.030019
1 0.35625 0.93621 0.09 0.12758
1 0.514375 0.827392 0.07125 0.101313
1 0.696875 0.889306 0.08375 0.12758
1 0.5775 0.640713 0.035 0.058161
1 0.5475 0.634146 0.03 0.045028
1 0.5325 0.596623 0.025 0.045028
1 0.505625 0.571295 0.02375 0.031895
1 0.478125 0.559099 0.01875 0.026266
1 0.543125 0.543152 0.01625 0.028143
1 0.5475 0.56848 0.02 0.030019
1 0.62875 0.535647 0.0225 0.043152
1 0.651875 0.591932 0.02125 0.035647
1 0.685 0.605066 0.0225 0.0394
1 0.685625 0.576923 0.01875 0.031895
1 0.651875 0.65666 0.03375 0.056285
1 0.745 0.602251 0.025 0.041276
1 0.75 0.579737 0.0225 0.033771
1 0.7275 0.562852 0.0175 0.030019
1 0.79125 0.526266 0.02 0.028143
1 0.785 0.611632 0.0275 0.045028
1 0.849375 0.642589 0.04125 0.061914
1 0.833125 0.590994 0.02375 0.041276
1 0.861875 0.56848 0.02875 0.037523
1 0.8525 0.503752 0.0175 0.028143
1 0.904375 0.572233 0.02625 0.037523
1 0.896875 0.619137 0.03125 0.052533
1 0.9425 0.605066 0.0225 0.031895
1 0.95125 0.578799 0.02 0.031895
1 0.945 0.54878 0.0175 0.02439
1 0.969375 0.56379 0.01625 0.028143
1 0.986875 0.58349 0.01875 0.030019
1 0.97 0.633208 0.0375 0.046904
1 0.976875 0.749531 0.04625 0.076923