1 0.671371 0.671667 0.116935 0.356667
1 0.624328 0.69 0.081989 0.293333
1 0.594758 0.481667 0.100806 0.31
1 0.708333 0.486667 0.061828 0.253333
1 0.766129 0.466667 0.064516 0.293333
1 0.817876 0.46 0.081989 0.306667
1 0.877016 0.575 0.087366 0.296667
1 0.948253 0.611667 0.098118 0.35
1 0.97043 0.385 0.05914 0.17
1 0.903226 0.385 0.064516 0.19
1 0.951613 0.216667 0.051075 0.133333
1 0.873656 0.193333 0.051075 0.146667
1 0.854167 0.325 0.052419 0.13
1 0.696909 0.36 0.055108 0.133333
1 0.659274 0.426667 0.052419 0.12