1 0.22 0.431391 0.1375 0.261278
1 0.425625 0.37312 0.13625 0.253759
1 0.6525 0.358083 0.105 0.231203
1 0.7925 0.344925 0.095 0.193609
1 0.8475 0.261278 0.0675 0.116541
1 0.965625 0.286654 0.06875 0.18609
1 0.57 0.225564 0.085 0.157895
1 0.633125 0.221805 0.05875 0.105263
1 0.440625 0.18703 0.07625 0.12594
1 0.3525 0.216165 0.07 0.109023
1 0.259375 0.198308 0.07125 0.129699
1 0.1525 0.300752 0.0825 0.139098
1 0.1875 0.203008 0.055 0.086466
1 0.085 0.224624 0.0525 0.103383
1 0.099375 0.178571 0.03625 0.06015
1 0.028125 0.203008 0.05375 0.120301