1 0.034615 0.6 0.041538 0.095
1 0.019231 0.35625 0.016923 0.0375
1 0.105385 0.57875 0.041538 0.0725
1 0.105385 0.46 0.038462 0.065
1 0.088462 0.34625 0.02 0.0375
1 0.11 0.3225 0.016923 0.04
1 0.133077 0.3375 0.016923 0.035
1 0.148462 0.41125 0.026154 0.0475
1 0.168462 0.54875 0.032308 0.0625
1 0.196923 0.515 0.030769 0.05
1 0.174615 0.3825 0.02 0.045
1 0.189231 0.3075 0.015385 0.03
1 0.205385 0.3675 0.016923 0.035
1 0.204615 0.345 0.015385 0.025
1 0.223846 0.33375 0.013846 0.0275
1 0.225385 0.42625 0.026154 0.0625
1 0.242308 0.395 0.016923 0.035
1 0.256154 0.54875 0.032308 0.0675
1 0.294615 0.50375 0.026154 0.0525
1 0.272308 0.465 0.024615 0.045
1 0.289231 0.44 0.021538 0.035
1 0.260769 0.36875 0.013846 0.0225
1 0.245385 0.3275 0.010769 0.025
1 0.300769 0.29625 0.013846 0.0225
1 0.285385 0.395 0.016923 0.03
1 0.308462 0.36375 0.013846 0.0275
1 0.33 0.39875 0.016923 0.0275
1 0.323077 0.43375 0.018462 0.0325
1 0.331538 0.47125 0.02 0.0425
1 0.340769 0.53 0.029231 0.065
1 0.376154 0.50875 0.023077 0.0525
1 0.383077 0.47125 0.021538 0.0425
1 0.361538 0.435 0.018462 0.035
1 0.371538 0.39875 0.013846 0.0275
1 0.377692 0.37375 0.013846 0.0275
1 0.371538 0.305 0.010769 0.025
1 0.421538 0.29375 0.012308 0.0225
1 0.433077 0.36125 0.013846 0.0275
1 0.428462 0.39625 0.016923 0.0325
1 0.414615 0.42125 0.016923 0.0325
1 0.428462 0.47 0.02 0.035
1 0.427692 0.51625 0.027692 0.0575
1 0.456923 0.48375 0.024615 0.0525
1 0.473077 0.425 0.016923 0.035
1 0.463077 0.38875 0.015385 0.0325
1 0.486923 0.36125 0.013846 0.0225
1 0.483846 0.29625 0.013846 0.0225
1 0.51 0.32 0.010769 0.025
1 0.533077 0.4225 0.02 0.035
1 0.508462 0.46875 0.023077 0.0425
1 0.513077 0.5275 0.029231 0.06
1 0.542308 0.50375 0.026154 0.0475
1 0.565385 0.47 0.016923 0.04
1 0.544615 0.37125 0.012308 0.0275
1 0.56 0.31 0.015385 0.03
1 0.593846 0.32125 0.012308 0.0225
1 0.571538 0.38625 0.016923 0.0275
1 0.6 0.43125 0.018462 0.0375
1 0.581538 0.505 0.024615 0.05
1 0.61 0.515 0.026154 0.06
1 0.627692 0.47375 0.018462 0.0375
1 0.652308 0.50625 0.027692 0.0525
1 0.623077 0.39125 0.015385 0.0275
1 0.649231 0.36625 0.012308 0.0275
1 0.685385 0.31125 0.013846 0.0275
1 0.670769 0.3875 0.015385 0.03
1 0.657692 0.43625 0.02 0.0375
1 0.689231 0.4725 0.021538 0.04
1 0.71 0.52375 0.032308 0.0625
1 0.724615 0.4775 0.018462 0.035
1 0.701538 0.4325 0.018462 0.04
1 0.714615 0.395 0.02 0.03
1 0.727692 0.36625 0.021538 0.0225
1 0.751538 0.39875 0.013846 0.0275
1 0.761538 0.42875 0.021538 0.0375
1 0.756923 0.48625 0.024615 0.0425
1 0.813077 0.53625 0.038462 0.0625
1 0.803846 0.47125 0.023077 0.0425
1 0.829231 0.4325 0.018462 0.035
1 0.802308 0.40125 0.016923 0.0275
1 0.798462 0.33375 0.012308 0.0275
1 0.836154 0.3225 0.013846 0.025
1 0.874615 0.32625 0.013846 0.0325
1 0.863077 0.39625 0.015385 0.0275
1 0.878462 0.43625 0.021538 0.0425
1 0.860769 0.5075 0.029231 0.055
1 0.892308 0.4875 0.015385 0.035
1 0.912308 0.485 0.018462 0.045
1 0.921538 0.52 0.030769 0.06
1 0.944615 0.5525 0.033846 0.06
1 0.92 0.32375 0.015385 0.0325