1 0.056648 0.458125 0.085206 0.11375
1 0.026217 0.38625 0.050562 0.0575
1 0.118446 0.373125 0.044007 0.06875
1 0.185861 0.359375 0.036517 0.06125
1 0.251873 0.37375 0.033708 0.05
1 0.279963 0.358125 0.033708 0.04875
1 0.284176 0.420625 0.047753 0.07125
1 0.345506 0.36 0.035581 0.0575
1 0.379213 0.344375 0.026217 0.04125
1 0.429307 0.344375 0.029026 0.04125
1 0.449438 0.320625 0.020599 0.03625
1 0.474251 0.34125 0.027154 0.045
1 0.514513 0.320625 0.025281 0.03625
1 0.557116 0.326875 0.022472 0.03625
1 0.507491 0.403125 0.050562 0.07125
1 0.404963 0.434375 0.055243 0.07625
1 0.409176 0.39 0.041199 0.0525
1 0.355337 0.5475 0.100187 0.125
1 0.189607 0.4825 0.075843 0.1075
1 0.594569 0.45875 0.052434 0.11
1 0.650281 0.5375 0.120787 0.1575
1 0.831461 0.48375 0.080524 0.1225
1 0.752809 0.42 0.046816 0.08
1 0.901685 0.41625 0.052434 0.085
1 0.931648 0.38 0.044944 0.0775
1 0.942884 0.343125 0.037453 0.06125
1 0.937734 0.304375 0.027154 0.03625
1 0.962547 0.321875 0.039326 0.05375
1 0.871723 0.333125 0.037453 0.05125
1 0.82397 0.37375 0.044944 0.0625
1 0.815543 0.335 0.037453 0.0475
1 0.745787 0.336875 0.032772 0.04875
1 0.765918 0.32375 0.026217 0.05
1 0.617509 0.35875 0.030899 0.055
1 0.665262 0.345 0.03839 0.055
1 0.689139 0.316875 0.024345 0.04375
1 0.715356 0.316875 0.02809 0.04125
1 0.598783 0.358125 0.021536 0.04125