1 0.030625 0.664811 0.05875 0.091314
1 0.018125 0.734967 0.03375 0.106904
1 0.033125 0.599109 0.04625 0.075724
1 0.049375 0.571269 0.03375 0.064588
1 0.12125 0.599109 0.045 0.080178
1 0.180625 0.553452 0.09875 0.153675
1 0.311875 0.584633 0.04625 0.08686
1 0.375 0.599109 0.045 0.084633
1 0.42125 0.507795 0.08 0.155902
1 0.37625 0.742762 0.0875 0.162584
1 0.3025 0.690423 0.0575 0.111359
1 0.26625 0.928731 0.125 0.142539
1 0.805625 0.579065 0.03875 0.062361
1 0.86375 0.611359 0.0475 0.077951
1 0.889375 0.669265 0.06125 0.104677
1 0.916875 0.577951 0.04875 0.095768