1 0.157336 0.270115 0.025097 0.047619
1 0.209459 0.380952 0.048263 0.091954
1 0.218629 0.266831 0.029923 0.054187
1 0.294402 0.250411 0.021236 0.041051
1 0.33639 0.278325 0.024131 0.041051
1 0.349421 0.2578 0.023166 0.049261
1 0.391409 0.198686 0.01834 0.032841
1 0.418919 0.233169 0.019305 0.032841
1 0.441602 0.231527 0.024131 0.042693
1 0.432915 0.277504 0.029923 0.052545
1 0.434846 0.171593 0.02027 0.034483
1 0.45029 0.192939 0.02027 0.031199
1 0.482143 0.20197 0.01834 0.042693
1 0.478764 0.156814 0.015444 0.031199
1 0.458977 0.152709 0.012548 0.022989
1 0.509653 0.168309 0.017375 0.031199
1 0.492278 0.135468 0.015444 0.021346
1 0.529923 0.148604 0.019305 0.031199
1 0.544884 0.130542 0.016409 0.031199
1 0.566602 0.149425 0.017375 0.032841
1 0.568533 0.115764 0.015444 0.024631
1 0.590251 0.161741 0.014479 0.031199
1 0.593629 0.129721 0.015444 0.032841
1 0.603282 0.107553 0.011583 0.027915
1 0.624035 0.121511 0.012548 0.022989
1 0.626448 0.149425 0.013514 0.026273
1 0.706081 0.106732 0.012548 0.032841
1 0.490347 0.324302 0.027027 0.054187
1 0.561776 0.304598 0.032819 0.064039
1 0.581081 0.2422 0.027027 0.054187
1 0.619691 0.248768 0.025097 0.047619
1 0.624517 0.316092 0.040541 0.064039
1 0.633687 0.200328 0.027992 0.049261
1 0.67278 0.259442 0.027027 0.045977
1 0.693533 0.203612 0.022201 0.055829
1 0.701255 0.163383 0.022201 0.037767
1 0.719595 0.17734 0.01834 0.036125
1 0.72973 0.213465 0.023166 0.042693
1 0.732143 0.284072 0.026062 0.062397
1 0.792954 0.317734 0.029923 0.057471
1 0.773649 0.18555 0.02027 0.039409
1 0.77027 0.148604 0.021236 0.037767
1 0.725869 0.13711 0.021236 0.034483
1 0.756757 0.12069 0.019305 0.031199
1 0.764479 0.115764 0.013514 0.027915
1 0.781371 0.123153 0.016409 0.036125
1 0.81612 0.131363 0.016409 0.036125
1 0.831081 0.131363 0.015444 0.029557
1 0.816602 0.18555 0.019305 0.042693
1 0.840251 0.158456 0.016409 0.034483
1 0.865347 0.188013 0.01834 0.037767
1 0.891892 0.227422 0.023166 0.044335
1 0.922297 0.189655 0.02027 0.041051
1 0.952703 0.188834 0.019305 0.045977