1 0.156 0.474719 0.088 0.146067
1 0.038 0.391854 0.052 0.087079
1 0.073 0.394663 0.042 0.081461
1 0.104 0.410112 0.028 0.044944
1 0.1 0.376404 0.024 0.039326
1 0.206 0.504213 0.06 0.115169
1 0.25 0.498596 0.052 0.081461
1 0.306 0.490169 0.044 0.064607
1 0.403 0.481742 0.034 0.058989
1 0.257 0.400281 0.022 0.036517
1 0.195 0.389045 0.022 0.030899
1 0.172 0.386236 0.024 0.030899
1 0.267 0.446629 0.03 0.044944
1 0.344 0.484551 0.04 0.053371
1 0.359 0.452247 0.034 0.039326
1 0.341 0.40309 0.03 0.042135
1 0.31 0.417135 0.024 0.030899
1 0.301 0.389045 0.022 0.036517
1 0.395 0.425562 0.022 0.030899
1 0.408 0.40309 0.024 0.036517
1 0.451 0.469101 0.03 0.039326
1 0.428 0.44382 0.024 0.033708
1 0.461 0.44382 0.022 0.02809
1 0.475 0.426966 0.022 0.039326
1 0.454 0.418539 0.016 0.022472
1 0.494 0.491573 0.044 0.050562
1 0.492 0.536517 0.06 0.05618
1 0.516 0.561798 0.08 0.061798
1 0.546 0.627809 0.108 0.132022
1 0.574 0.546348 0.04 0.058989
1 0.527 0.45927 0.03 0.042135
1 0.538 0.43118 0.028 0.036517
1 0.498 0.442416 0.02 0.030899
1 0.575 0.464888 0.03 0.042135
1 0.616 0.481742 0.032 0.053371
1 0.634 0.449438 0.024 0.039326
1 0.606 0.453652 0.024 0.042135
1 0.648 0.51264 0.036 0.047753
1 0.685 0.491573 0.042 0.073034
1 0.733 0.533708 0.062 0.073034
1 0.693 0.455056 0.034 0.050562
1 0.838 0.564607 0.084 0.089888
1 0.919 0.55618 0.094 0.129213