1 0.1532 0.442737 0.0408 0.075419
1 0.3316 0.242318 0.0152 0.026536
1 0.382 0.233939 0.0152 0.034916
1 0.4048 0.23743 0.0176 0.036313
1 0.4212 0.22905 0.02 0.03352
1 0.4136 0.192737 0.0176 0.030726
1 0.4884 0.198324 0.0168 0.036313
1 0.5776 0.225559 0.0176 0.051676
1 0.6604 0.224162 0.02 0.046089
1 0.5964 0.108939 0.012 0.022346
1 0.6496 0.057263 0.0112 0.022346
1 0.712 0.233939 0.0208 0.043296
1 0.7868 0.295391 0.0232 0.043296
1 0.82 0.358939 0.0256 0.064246
1 0.8848 0.348464 0.0208 0.074022
1 0.9124 0.340782 0.0216 0.053073
1 0.8872 0.293994 0.0224 0.048883
1 0.9192 0.293994 0.0224 0.048883
1 0.876 0.218575 0.0192 0.040503
1 0.8316 0.215782 0.0168 0.037709
1 0.8624 0.161313 0.0144 0.032123
1 0.8984 0.180168 0.016 0.036313