1 0.070569 0.558824 0.059342 0.114379
1 0.255814 0.238562 0.024058 0.055556
1 0.599038 0.11683 0.019246 0.037582
1 0.580593 0.125 0.017642 0.04085
1 0.55854 0.125817 0.021652 0.045752
1 0.55413 0.147059 0.016038 0.035948
1 0.531676 0.147059 0.016038 0.045752
1 0.495589 0.134804 0.017642 0.050654
1 0.443063 0.154412 0.01684 0.04085
1 0.458701 0.147876 0.019246 0.037582
1 0.476744 0.160131 0.015237 0.042484
1 0.632318 0.115196 0.015237 0.050654
1 0.650361 0.126634 0.017642 0.037582
1 0.374098 0.175654 0.015237 0.04085
1 0.315156 0.195261 0.017642 0.04085
1 0.306736 0.230392 0.01684 0.052288
1 0.335605 0.218954 0.02486 0.045752
1 0.353649 0.204248 0.016038 0.04902
1 0.393745 0.178105 0.017642 0.035948
1 0.432237 0.180556 0.016038 0.037582
1 0.369286 0.255719 0.01684 0.047386
1 0.401363 0.222222 0.015237 0.035948
1 0.502005 0.191176 0.019246 0.042484
1 0.477145 0.223856 0.019246 0.04902
1 0.551323 0.194444 0.01684 0.035948
1 0.570569 0.193627 0.01684 0.044118
1 0.694868 0.124183 0.015237 0.03268
1 0.686447 0.140523 0.02085 0.052288
1 0.714515 0.147876 0.014435 0.037582
1 0.43745 0.296569 0.028067 0.060458
1 0.555333 0.324346 0.018444 0.050654
1 0.615477 0.187092 0.018444 0.047386
1 0.657578 0.170752 0.012831 0.027778
1 0.781075 0.159314 0.014435 0.04085
1 0.7498 0.180556 0.014435 0.037582
1 0.713713 0.203431 0.017642 0.047386
1 0.660385 0.242647 0.023256 0.053922
1 0.61668 0.27451 0.02085 0.055556
1 0.609062 0.357843 0.021652 0.055556
1 0.660385 0.389706 0.026464 0.053922
1 0.723336 0.385621 0.027265 0.065359
1 0.715317 0.267974 0.027265 0.062092
1 0.813152 0.179739 0.017642 0.042484
1 0.781877 0.204248 0.019246 0.035948
1 0.745389 0.227941 0.026464 0.047386
1 0.736969 0.195261 0.019246 0.04085
1 0.765437 0.272876 0.018444 0.042484
1 0.789094 0.25817 0.019246 0.045752
1 0.82919 0.207516 0.02085 0.045752
1 0.814755 0.281863 0.019246 0.047386
1 0.871692 0.222222 0.012831 0.039216
1 0.905373 0.218137 0.012831 0.044118
1 0.864074 0.32598 0.020048 0.05719
1 0.950682 0.226307 0.012029 0.04085
1 0.989976 0.251634 0.013633 0.042484
1 0.922614 0.305556 0.01684 0.058824
1 0.955894 0.353758 0.02085 0.050654
1 0.977546 0.284314 0.016038 0.035948
1 0.955894 0.420752 0.017642 0.060458
1 0.886127 0.377451 0.024058 0.055556
1 0.864876 0.499183 0.029671 0.086601
1 0.785485 0.42402 0.028067 0.080065
1 0.901764 0.264706 0.018444 0.045752
1 0.934643 0.25817 0.018444 0.045752