1 0.35875 0.606667 0.0775 0.12
1 0.38875 0.505 0.0575 0.083333
1 0.43125 0.475 0.0525 0.07
1 0.405 0.413333 0.035 0.06
1 0.30875 0.375 0.0275 0.05
1 0.2925 0.438333 0.045 0.056667
1 0.2675 0.388333 0.035 0.05
1 0.2525 0.44 0.045 0.08
1 0.18 0.451667 0.06 0.076667
1 0.16625 0.393333 0.0375 0.053333
1 0.055 0.41 0.045 0.06
1 0.055 0.351667 0.03 0.05
1 0.0175 0.311667 0.03 0.05
1 0.04375 0.28 0.0275 0.033333
1 0.07375 0.313333 0.0275 0.033333
1 0.1425 0.255 0.025 0.036667
1 0.18625 0.351667 0.0325 0.05
1 0.14625 0.358333 0.0325 0.05
1 0.22625 0.263333 0.0175 0.033333
1 0.21625 0.296667 0.0275 0.04
1 0.33125 0.313333 0.0225 0.04
1 0.3475 0.276667 0.02 0.04
1 0.405 0.306667 0.025 0.04
1 0.38 0.34 0.025 0.046667
1 0.42 0.273333 0.02 0.026667
1 0.4475 0.291667 0.02 0.03
1 0.46 0.34 0.025 0.04
1 0.48625 0.363333 0.0275 0.04
1 0.5125 0.361667 0.025 0.036667
1 0.50875 0.303333 0.0225 0.04
1 0.515 0.278333 0.025 0.03
1 0.47625 0.291667 0.0225 0.03
1 0.565 0.321667 0.025 0.036667
1 0.6025 0.318333 0.025 0.036667
1 0.63625 0.355 0.0225 0.036667
1 0.635 0.33 0.02 0.033333
1 0.68625 0.351667 0.0275 0.036667
1 0.715 0.408333 0.025 0.043333
1 0.7225 0.375 0.025 0.036667
1 0.76375 0.385 0.0225 0.043333
1 0.9075 0.358333 0.05 0.076667
1 0.665 0.628333 0.075 0.11
1 0.71125 0.751667 0.0775 0.15
1 0.66875 0.416667 0.0275 0.04
1 0.61125 0.391667 0.0275 0.043333
1 0.04 0.586667 0.075 0.133333