1 0.0575 0.783333 0.1125 0.163333
1 0.03125 0.6125 0.06 0.111667
1 0.094375 0.636667 0.08625 0.116667
1 0.045 0.4975 0.0425 0.051667
1 0.083125 0.495 0.03625 0.056667
1 0.11 0.485833 0.0275 0.045
1 0.140625 0.488333 0.03875 0.053333
1 0.1125 0.459167 0.0275 0.038333
1 0.089375 0.431667 0.02125 0.03
1 0.073125 0.441667 0.02375 0.036667
1 0.05875 0.453333 0.025 0.033333
1 0.03375 0.4525 0.025 0.028333
1 0.03 0.416667 0.015 0.023333
1 0.0475 0.421667 0.0175 0.023333
1 0.114375 0.426667 0.02125 0.026667
1 0.128125 0.403333 0.01625 0.026667
1 0.145 0.4075 0.0175 0.028333
1 0.160625 0.403333 0.01875 0.026667
1 0.155625 0.443333 0.02625 0.04
1 0.185 0.440833 0.025 0.035
1 0.18625 0.400833 0.015 0.025
1 0.2125 0.411667 0.015 0.02
1 0.238125 0.4325 0.02375 0.035
1 0.24125 0.411667 0.0125 0.02
1 0.24125 0.3975 0.0175 0.021667
1 0.259375 0.395833 0.01625 0.021667
1 0.2775 0.426667 0.0225 0.036667
1 0.288125 0.411667 0.01875 0.03
1 0.2525 0.473333 0.0275 0.04
1 0.2125 0.5275 0.055 0.071667
1 0.245 0.579167 0.06 0.071667
1 0.31 0.698333 0.095 0.13
1 0.33 0.506667 0.0425 0.05
1 0.30875 0.490833 0.03 0.051667
1 0.316875 0.4575 0.02625 0.038333
1 0.27375 0.474167 0.03 0.045
1 0.336875 0.4575 0.02125 0.031667
1 0.316875 0.4275 0.02125 0.025
1 0.2875 0.390833 0.0125 0.015
1 0.3025 0.4 0.015 0.023333
1 0.32125 0.393333 0.015 0.02
1 0.34375 0.41 0.02 0.026667
1 0.36375 0.393333 0.0175 0.023333
1 0.388125 0.391667 0.01375 0.023333
1 0.39 0.43 0.0275 0.036667
1 0.374375 0.514167 0.04375 0.065
1 0.40875 0.496667 0.04 0.06
1 0.434375 0.439167 0.02875 0.038333
1 0.41875 0.433333 0.0175 0.033333
1 0.401875 0.410833 0.01875 0.025
1 0.411875 0.4 0.01625 0.026667
1 0.425625 0.406667 0.01625 0.026667
1 0.441875 0.400833 0.01875 0.025
1 0.44875 0.380833 0.015 0.021667
1 0.455625 0.419167 0.01875 0.035
1 0.48 0.431667 0.025 0.04
1 0.471875 0.403333 0.01625 0.026667
1 0.469375 0.386667 0.01875 0.026667
1 0.465625 0.469167 0.03375 0.055
1 0.435625 0.588333 0.06625 0.103333
1 0.47875 0.696667 0.0925 0.17
1 0.508125 0.4725 0.04125 0.055
1 0.4725 0.553333 0.04 0.066667
1 0.51375 0.5375 0.05 0.065
1 0.51625 0.6025 0.06 0.078333
1 0.56875 0.533333 0.065 0.076667
1 0.506875 0.428333 0.02125 0.033333
1 0.51625 0.383333 0.015 0.026667
1 0.52 0.399167 0.015 0.021667
1 0.53125 0.400833 0.015 0.025
1 0.53625 0.418333 0.0175 0.026667
1 0.555625 0.426667 0.02625 0.043333
1 0.55375 0.383333 0.0175 0.026667
1 0.59875 0.424167 0.02 0.028333
1 0.593125 0.405 0.01375 0.02
1 0.603125 0.4 0.01625 0.026667
1 0.6175 0.405833 0.0175 0.028333
1 0.64875 0.413333 0.025 0.036667
1 0.634375 0.515833 0.04375 0.078333
1 0.64375 0.618333 0.0675 0.116667
1 0.68875 0.534167 0.05 0.075
1 0.665625 0.485 0.03375 0.06
1 0.70625 0.473333 0.03 0.05
1 0.68875 0.443333 0.025 0.043333
1 0.52375 0.45 0.03 0.036667
1 0.70625 0.411667 0.0225 0.03
1 0.699375 0.39 0.01875 0.033333
1 0.7125 0.39 0.015 0.023333
1 0.72375 0.376667 0.0175 0.03
1 0.73125 0.3875 0.02 0.028333
1 0.734375 0.435 0.02875 0.043333
1 0.745 0.421667 0.0275 0.04
1 0.76875 0.405 0.0175 0.04
1 0.79125 0.401667 0.02 0.036667
1 0.803125 0.440833 0.03375 0.048333
1 0.84 0.398333 0.025 0.033333
1 0.843125 0.4725 0.03875 0.065
1 0.811875 0.510833 0.04875 0.075
1 0.7625 0.634167 0.0775 0.111667
1 0.73625 0.7825 0.1225 0.161667
1 0.92375 0.585 0.0625 0.1
1 0.931875 0.515 0.04875 0.07
1 0.895625 0.464167 0.03375 0.055
1 0.87875 0.435833 0.025 0.038333
1 0.87125 0.4075 0.02 0.031667
1 0.865625 0.385 0.01625 0.03
1 0.836875 0.371667 0.01875 0.03
1 0.885625 0.381667 0.01625 0.026667
1 0.89125 0.4025 0.0225 0.035
1 0.935625 0.418333 0.02875 0.04
1 0.935 0.454167 0.0275 0.041667
1 0.935625 0.395833 0.02625 0.031667
1 0.964375 0.420833 0.02875 0.041667
1 0.99125 0.434167 0.0175 0.038333
1 0.980625 0.375 0.02125 0.033333