1 0.052707 0.370833 0.02754 0.048333
1 0.259259 0.279167 0.015195 0.031667
1 0.282526 0.271667 0.019943 0.04
1 0.307217 0.254167 0.016144 0.041667
1 0.354701 0.268333 0.019943 0.05
1 0.407882 0.288333 0.021842 0.05
1 0.345204 0.2175 0.014245 0.025
1 0.320513 0.215833 0.014245 0.031667
1 0.382241 0.215833 0.018044 0.035
1 0.395062 0.194167 0.017094 0.028333
1 0.418329 0.226667 0.014245 0.03
1 0.44207 0.22 0.018044 0.036667
1 0.464387 0.2325 0.022792 0.035
1 0.417379 0.169167 0.012346 0.025
1 0.435423 0.1875 0.012346 0.028333
1 0.450142 0.185833 0.015195 0.031667
1 0.468186 0.191667 0.017094 0.04
1 0.50095 0.189167 0.016144 0.035
1 0.551282 0.191667 0.018044 0.033333
1 0.542735 0.1575 0.014245 0.031667
1 0.538462 0.130833 0.015195 0.031667
1 0.508547 0.161667 0.016144 0.03
1 0.482906 0.164167 0.016144 0.025
1 0.478632 0.140833 0.009497 0.025
1 0.490028 0.134167 0.011396 0.025
1 0.45774 0.139167 0.015195 0.025
1 0.570275 0.1025 0.012346 0.025
1 0.558405 0.138333 0.013295 0.023333
1 0.581197 0.154167 0.015195 0.035
1 0.625356 0.131667 0.012346 0.03
1 0.592593 0.1275 0.013295 0.025
1 0.610161 0.091667 0.010446 0.023333
1 0.636752 0.094167 0.010446 0.021667
1 0.650047 0.101667 0.010446 0.023333
1 0.666192 0.116667 0.008547 0.023333
1 0.681861 0.111667 0.013295 0.023333
1 0.70038 0.099167 0.012346 0.028333
1 0.481956 0.3 0.021842 0.05
1 0.567426 0.288333 0.021842 0.05
1 0.611111 0.335 0.031339 0.056667
1 0.682811 0.328333 0.030389 0.053333
1 0.570275 0.234167 0.018044 0.038333
1 0.612536 0.256667 0.020893 0.043333
1 0.61301 0.204167 0.019943 0.035
1 0.673314 0.254167 0.022792 0.041667
1 0.742165 0.309167 0.02754 0.048333
1 0.788699 0.285833 0.025641 0.051667
1 0.712726 0.2225 0.019943 0.041667
1 0.677588 0.196667 0.018044 0.04
1 0.659544 0.1775 0.016144 0.035
1 0.685185 0.1475 0.016144 0.031667
1 0.700855 0.176667 0.017094 0.033333
1 0.739316 0.194167 0.018044 0.038333
1 0.767331 0.210833 0.024691 0.045
1 0.750712 0.150833 0.014245 0.031667
1 0.718424 0.1375 0.014245 0.031667
1 0.74264 0.118333 0.015195 0.03
1 0.760209 0.104167 0.014245 0.031667
1 0.776353 0.125833 0.012346 0.028333
1 0.788224 0.150833 0.017094 0.035
1 0.791073 0.1125 0.011396 0.025
1 0.812441 0.124167 0.010446 0.025
1 0.810541 0.171667 0.014245 0.033333
1 0.828585 0.164167 0.012346 0.028333
1 0.840931 0.136667 0.012346 0.03
1 0.823837 0.123333 0.008547 0.023333
1 0.856125 0.179167 0.012346 0.038333
1 0.824786 0.2375 0.021842 0.045
1 0.882716 0.211667 0.018044 0.043333
1 0.903609 0.195 0.012346 0.03
1 0.938746 0.189167 0.012346 0.031667
1 0.945394 0.2725 0.018044 0.045
1 0.940171 0.1525 0.011396 0.025
1 0.903609 0.1625 0.016144 0.028333
1 0.909782 0.129167 0.013295 0.031667
1 0.875594 0.155833 0.013295 0.021667
1 0.873694 0.12 0.013295 0.03