1 0.167093 0.267857 0.03201 0.049107
1 0.261204 0.203125 0.023047 0.035714
1 0.298976 0.19308 0.014085 0.029018
1 0.31178 0.1875 0.016645 0.040179
1 0.46863 0.177455 0.023047 0.033482
1 0.576825 0.140625 0.021767 0.040179
1 0.56146 0.267857 0.021767 0.053571
1 0.613316 0.242188 0.025608 0.055804
1 0.659411 0.180804 0.015365 0.040179
1 0.679257 0.21317 0.016645 0.042411
1 0.699104 0.189732 0.017926 0.03125
1 0.706786 0.25 0.020487 0.044643
1 0.741357 0.280134 0.020487 0.042411
1 0.75032 0.238839 0.020487 0.044643