1 0.167462 0.490237 0.042164 0.076709
1 0.290374 0.276151 0.020684 0.04742
1 0.321002 0.283124 0.024662 0.04463
1 0.322593 0.22106 0.013524 0.029289
1 0.339698 0.225244 0.019093 0.034868
1 0.363166 0.225244 0.019889 0.046025
1 0.374702 0.233612 0.017502 0.037657
1 0.363564 0.291492 0.023866 0.052999
1 0.414081 0.269177 0.024662 0.04742
1 0.427208 0.227336 0.023866 0.041841
1 0.404137 0.200837 0.019093 0.036262
1 0.429992 0.179219 0.019889 0.032078
1 0.454256 0.170851 0.01432 0.029289
1 0.449483 0.14993 0.015911 0.02371
1 0.49284 0.218271 0.015115 0.040446
1 0.483691 0.202232 0.017502 0.033473
1 0.473747 0.149233 0.015115 0.027894
1 0.498409 0.157601 0.013524 0.030683
1 0.494431 0.133891 0.013524 0.027894
1 0.510342 0.132497 0.016706 0.030683
1 0.52148 0.156904 0.016706 0.037657
1 0.536993 0.178522 0.019093 0.041841
1 0.543755 0.131102 0.013524 0.030683
1 0.556484 0.149233 0.015115 0.033473
1 0.561257 0.125523 0.013524 0.025105
1 0.576372 0.177127 0.016706 0.033473
1 0.583532 0.124128 0.018298 0.033473
1 0.606603 0.156206 0.016706 0.033473
1 0.593874 0.111576 0.011933 0.027894
1 0.613763 0.10251 0.013524 0.026499
1 0.623707 0.122734 0.01432 0.027894
1 0.636834 0.132497 0.015115 0.027894
1 0.645982 0.142259 0.015911 0.025105
1 0.643198 0.100418 0.013524 0.030683
1 0.661893 0.114365 0.01432 0.019526
1 0.663087 0.134589 0.013524 0.02371
1 0.692522 0.113668 0.011933 0.029289
1 0.5358 0.284519 0.027844 0.055788
1 0.557279 0.256625 0.02148 0.041841
1 0.609387 0.260112 0.027049 0.054393
1 0.617343 0.211994 0.019093 0.041841
1 0.65354 0.270572 0.027844 0.058577
1 0.655131 0.225941 0.023071 0.04463
1 0.613763 0.327755 0.031026 0.064156
1 0.698488 0.232915 0.022275 0.050209
1 0.69292 0.186192 0.019093 0.040446
1 0.712808 0.138773 0.012729 0.032078
1 0.729912 0.190377 0.019889 0.040446
1 0.719968 0.164575 0.019093 0.027894
1 0.738663 0.140167 0.018298 0.037657
1 0.749006 0.124128 0.018298 0.039052
1 0.761734 0.178522 0.013524 0.033473
1 0.772076 0.203626 0.016706 0.036262
1 0.754972 0.250349 0.020684 0.054393
1 0.769292 0.276848 0.023866 0.051604
1 0.819411 0.24477 0.019093 0.040446
1 0.824185 0.20781 0.017502 0.041841
1 0.802307 0.187587 0.018298 0.040446
1 0.784407 0.163877 0.011138 0.034868
1 0.783612 0.121339 0.015911 0.022315
1 0.810263 0.129707 0.015115 0.033473
1 0.822196 0.158996 0.013524 0.030683
1 0.831344 0.142957 0.012729 0.026499
1 0.854415 0.159693 0.01432 0.026499
1 0.863166 0.152022 0.012729 0.027894
1 0.876293 0.25802 0.023071 0.04463
1 0.86794 0.228033 0.019093 0.040446
1 0.870326 0.135286 0.01432 0.027894
1 0.892601 0.188982 0.01432 0.029289
1 0.898568 0.160391 0.015115 0.030683
1 0.904932 0.143654 0.011933 0.027894
1 0.940334 0.175732 0.01432 0.036262
1 0.928799 0.211297 0.015115 0.029289
1 0.928799 0.184798 0.016706 0.040446
1 0.920843 0.235007 0.02148 0.040446
1 0.906921 0.335425 0.027049 0.065551
1 0.86436 0.320781 0.0358 0.058577
1 0.826571 0.393305 0.031822 0.072524
1 0.88743 0.439331 0.032617 0.069735