1 0.306667 0.63 0.106667 0.17
1 0.39 0.54 0.07 0.115
1 0.464167 0.35375 0.045 0.0875
1 0.588333 0.5075 0.076667 0.11
1 0.625 0.7075 0.133333 0.225
1 0.58 0.44 0.06 0.085
1 0.710833 0.45375 0.045 0.0825
1 0.74 0.49375 0.056667 0.0975
1 0.785833 0.42125 0.028333 0.0625
1 0.853333 0.43625 0.036667 0.0675
1 0.854167 0.53375 0.078333 0.1225
1 0.936667 0.49375 0.06 0.1025
1 0.906667 0.46 0.04 0.06
1 0.978333 0.47 0.04 0.07
1 0.944167 0.44 0.025 0.05
1 0.0675 0.57125 0.081667 0.1325
1 0.084167 0.87625 0.158333 0.2475