1 0.086673 0.269912 0.02505 0.054867
1 0.278056 0.224779 0.019038 0.038938
1 0.291583 0.223009 0.016032 0.031858
1 0.328156 0.218584 0.019038 0.037168
1 0.349198 0.223009 0.019038 0.031858
1 0.378758 0.230088 0.02004 0.038938
1 0.412325 0.232743 0.019038 0.033628
1 0.450401 0.246903 0.021042 0.037168
1 0.461924 0.209735 0.02004 0.040708
1 0.429359 0.200885 0.019038 0.033628
1 0.392786 0.204425 0.018036 0.037168
1 0.376253 0.19823 0.017034 0.028319
1 0.356713 0.19469 0.016032 0.028319
1 0.345691 0.174336 0.016032 0.033628
1 0.40481 0.169027 0.016032 0.033628
1 0.427856 0.156637 0.014028 0.030088
1 0.450902 0.186726 0.014028 0.030088
1 0.446393 0.158407 0.013026 0.026549
1 0.490982 0.147788 0.014028 0.030088
1 0.502004 0.150442 0.014028 0.028319
1 0.508016 0.184071 0.02004 0.031858
1 0.528557 0.173451 0.019038 0.031858
1 0.564128 0.181416 0.018036 0.033628
1 0.574148 0.157522 0.016032 0.035398
1 0.580661 0.137168 0.01503 0.030088
1 0.613727 0.159292 0.017034 0.031858
1 0.508517 0.123894 0.01503 0.024779
1 0.532565 0.129204 0.013026 0.024779
1 0.543086 0.155752 0.016032 0.031858
1 0.559118 0.131858 0.012024 0.026549
1 0.554609 0.121239 0.01503 0.030088
1 0.602705 0.071681 0.017034 0.030088
1 0.599699 0.131858 0.01503 0.026549
1 0.631764 0.130973 0.013026 0.031858
1 0.647295 0.150442 0.014028 0.031858
1 0.663327 0.138938 0.016032 0.026549
1 0.646794 0.114159 0.013026 0.026549
1 0.626253 0.095575 0.018036 0.021239
1 0.621242 0.121239 0.012024 0.030088
1 0.666834 0.10354 0.011022 0.030088
1 0.671844 0.118584 0.013026 0.021239
1 0.68988 0.127434 0.013026 0.031858
1 0.695892 0.107965 0.013026 0.021239
1 0.715932 0.110619 0.01503 0.030088
1 0.601202 0.223009 0.026052 0.049558
1 0.633267 0.206195 0.022044 0.047788
1 0.647295 0.247788 0.028056 0.056637
1 0.690882 0.224779 0.023046 0.042478
1 0.676353 0.176991 0.016032 0.035398
1 0.700401 0.255752 0.026052 0.047788
1 0.705912 0.312389 0.03507 0.072566
1 0.757515 0.384956 0.032064 0.072566
1 0.804108 0.29292 0.027054 0.054867
1 0.833166 0.262832 0.027054 0.054867
1 0.922846 0.351327 0.036072 0.076106
1 0.74499 0.235398 0.021042 0.046018
1 0.725451 0.180531 0.018036 0.035398
1 0.709419 0.175221 0.016032 0.031858
1 0.745491 0.164602 0.016032 0.031858
1 0.743487 0.142478 0.014028 0.026549
1 0.77004 0.130973 0.013026 0.035398
1 0.76503 0.192035 0.019038 0.037168
1 0.77505 0.241593 0.021042 0.047788
1 0.81012 0.207965 0.017034 0.037168
1 0.853707 0.224779 0.02004 0.046018
1 0.865731 0.222124 0.016032 0.033628
1 0.893788 0.235398 0.022044 0.042478
1 0.93487 0.259292 0.022044 0.051327
1 0.948898 0.20885 0.014028 0.031858
1 0.956413 0.222124 0.017034 0.040708
1 0.965932 0.19469 0.012024 0.035398
1 0.905812 0.207965 0.014028 0.037168
1 0.912325 0.181416 0.017034 0.030088
1 0.919339 0.175221 0.013026 0.031858
1 0.925351 0.152212 0.013026 0.035398
1 0.881263 0.184071 0.019038 0.038938
1 0.887275 0.159292 0.01503 0.028319
1 0.842685 0.171681 0.014028 0.031858
1 0.83016 0.202655 0.017034 0.037168
1 0.807615 0.169027 0.014028 0.026549
1 0.796593 0.146903 0.014028 0.028319
1 0.784068 0.140708 0.01503 0.030088
1 0.79008 0.123009 0.013026 0.026549
1 0.809118 0.130088 0.01503 0.033628
1 0.84519 0.130973 0.011022 0.028319
1 0.867234 0.150442 0.013026 0.031858
1 0.851202 0.160177 0.01503 0.026549