1 0.0775 0.386288 0.025 0.043478
1 0.11875 0.41806 0.0275 0.040134
1 0.1525 0.426421 0.025 0.036789
1 0.35375 0.438127 0.0225 0.040134
1 0.44125 0.438127 0.0275 0.046823
1 0.4925 0.451505 0.02 0.033445
1 0.65875 0.675585 0.1325 0.187291
1 0.5775 0.551839 0.09 0.12709
1 0.53875 0.466555 0.0475 0.083612
1 0.58 0.458194 0.03 0.060201
1 0.62125 0.463211 0.0225 0.043478
1 0.6725 0.496656 0.045 0.063545
1 0.71125 0.536789 0.0625 0.083612
1 0.82 0.591973 0.085 0.120401
1 0.88875 0.558528 0.0725 0.100334
1 0.97125 0.551839 0.0575 0.120401
1 0.93625 0.479933 0.0525 0.070234
1 0.88375 0.489967 0.0375 0.056856
1 0.83625 0.456522 0.0375 0.050167
1 0.80375 0.506689 0.0525 0.063545
1 0.80625 0.466555 0.0325 0.036789
1 0.77875 0.454849 0.0275 0.040134
1 0.75625 0.458194 0.0375 0.046823
1 0.73375 0.478261 0.0325 0.046823
1 0.7175 0.454849 0.035 0.046823
1 0.98375 0.428094 0.0275 0.053512
1 0.96875 0.463211 0.0225 0.050167
1 0.65125 0.466555 0.0375 0.056856
1 0.03125 0.585284 0.0575 0.133779
1 0.0625 0.511706 0.055 0.073579
1 0.10875 0.481605 0.0725 0.107023
1 0.19 0.540134 0.055 0.076923
1 0.1725 0.488294 0.045 0.060201
1 0.18875 0.456522 0.0375 0.070234
1 0.23375 0.451505 0.0425 0.073579
1 0.27875 0.456522 0.0425 0.056856
1 0.31625 0.446488 0.0325 0.043478
1 0.0575 0.466555 0.03 0.056856
1 0.01875 0.494983 0.0325 0.06689