1 0.205307 0.363712 0.043762 0.095318
1 0.256052 0.289298 0.01676 0.036789
1 0.287244 0.270903 0.013966 0.036789
1 0.29702 0.264214 0.020484 0.040134
1 0.308659 0.236622 0.019553 0.035117
1 0.325885 0.265886 0.014898 0.0301
1 0.339851 0.278428 0.018622 0.045151
1 0.370577 0.216555 0.018622 0.035117
1 0.38175 0.223244 0.014898 0.038462
1 0.385475 0.202341 0.018622 0.033445
1 0.403631 0.234114 0.021415 0.043478
1 0.422719 0.282609 0.026071 0.046823
1 0.407821 0.175585 0.01676 0.026756
1 0.431564 0.202341 0.017691 0.036789
1 0.442737 0.228261 0.019553 0.038462
1 0.467877 0.23495 0.02514 0.045151
1 0.45298 0.182274 0.017691 0.040134
1 0.460428 0.157191 0.012104 0.0301
1 0.467412 0.161371 0.01676 0.035117
1 0.480447 0.178094 0.01676 0.028428
1 0.533985 0.198161 0.021415 0.035117
1 0.52095 0.169732 0.015829 0.031773
1 0.51257 0.15301 0.015829 0.028428
1 0.485102 0.132107 0.014898 0.0301
1 0.530261 0.128763 0.015829 0.026756
1 0.548417 0.14214 0.014898 0.0301
1 0.553538 0.12709 0.012104 0.026756
1 0.560056 0.119565 0.013966 0.028428
1 0.589385 0.12291 0.01676 0.031773
1 0.560521 0.173913 0.018622 0.036789
1 0.574953 0.158863 0.015829 0.033445
1 0.608007 0.129599 0.013035 0.025084
1 0.604283 0.101171 0.013035 0.028428
1 0.621043 0.143813 0.01676 0.033445
1 0.623836 0.103679 0.013035 0.026756
1 0.647579 0.103679 0.013966 0.026756
1 0.648045 0.122074 0.014898 0.026756
1 0.662942 0.122074 0.014898 0.033445
1 0.686685 0.105351 0.013966 0.036789
1 0.540503 0.312709 0.028864 0.060201
1 0.493482 0.301839 0.031657 0.061873
1 0.574953 0.241639 0.023277 0.045151
1 0.604283 0.216555 0.022346 0.048495
1 0.610801 0.26505 0.026071 0.051839
1 0.589385 0.368729 0.03352 0.075251
1 0.672719 0.337793 0.030726 0.076923
1 0.661546 0.26505 0.02514 0.051839
1 0.656425 0.217391 0.024209 0.050167
1 0.643389 0.184783 0.018622 0.035117
1 0.679236 0.167224 0.019553 0.040134
1 0.702514 0.18311 0.019553 0.045151
1 0.687151 0.228261 0.029795 0.055184
1 0.703445 0.14214 0.017691 0.036789
1 0.737896 0.147993 0.021415 0.035117
1 0.736965 0.113712 0.015829 0.033445
1 0.726723 0.200669 0.021415 0.040134
1 0.743482 0.237458 0.023277 0.053512
1 0.752793 0.186455 0.019553 0.038462
1 0.755587 0.13796 0.015829 0.031773
1 0.77514 0.124582 0.015829 0.031773
1 0.790503 0.13796 0.01676 0.031773
1 0.809125 0.119565 0.013035 0.028428
1 0.798417 0.178094 0.017691 0.041806
1 0.819367 0.23913 0.018622 0.050167
1 0.778399 0.294314 0.026071 0.063545
1 0.72486 0.311037 0.028864 0.056856
1 0.91527 0.296823 0.031657 0.061873
1 0.865456 0.229933 0.019553 0.058528
1 0.83892 0.19398 0.020484 0.046823
1 0.831471 0.147993 0.01676 0.038462
1 0.856145 0.153846 0.013966 0.040134
1 0.871043 0.179766 0.015829 0.038462
1 0.886406 0.203177 0.014898 0.041806
1 0.893855 0.172241 0.018622 0.040134
1 0.887337 0.132943 0.01676 0.035117
1 0.918529 0.208194 0.023277 0.045151
1 0.921788 0.176421 0.01676 0.031773
1 0.91946 0.153846 0.015829 0.023411