1 0.05625 0.461481 0.0275 0.048889
1 0.117917 0.473333 0.039167 0.072593
1 0.190833 0.468889 0.028333 0.063704
1 0.208333 0.40963 0.025 0.048889
1 0.25 0.462963 0.023333 0.037037
1 0.26625 0.475556 0.020833 0.038519
1 0.281667 0.462963 0.021667 0.037037
1 0.302083 0.455556 0.025833 0.048889
1 0.389583 0.451111 0.044167 0.084444
1 0.42125 0.471111 0.025833 0.068148
1 0.434583 0.454815 0.024167 0.05037
1 0.454583 0.451852 0.0225 0.053333
1 0.469167 0.445185 0.02 0.04
1 0.48125 0.49037 0.0425 0.068148
1 0.505833 0.448889 0.03 0.053333
1 0.52625 0.459259 0.029167 0.056296
1 0.537917 0.391111 0.020833 0.035556
1 0.673333 0.479259 0.031667 0.042963
1 0.716667 0.459259 0.025 0.05037
1 0.743333 0.459259 0.03 0.059259
1 0.7675 0.462963 0.02 0.04
1 0.78625 0.478519 0.034167 0.074074
1 0.815417 0.471852 0.030833 0.054815
1 0.852917 0.463704 0.0425 0.085926
1 0.890833 0.444444 0.035 0.08
1 0.93625 0.465926 0.054167 0.09037