1 0.02 0.481667 0.0375 0.076667
1 0.1025 0.471667 0.045 0.053333
1 0.0875 0.44 0.04 0.05
1 0.130625 0.431667 0.03625 0.046667
1 0.175625 0.435 0.03625 0.043333
1 0.21625 0.4125 0.0375 0.041667
1 0.28 0.553333 0.0575 0.086667
1 0.31 0.765833 0.1425 0.155
1 0.346875 0.494167 0.04625 0.068333
1 0.403125 0.461667 0.03375 0.056667
1 0.445 0.535833 0.0625 0.095
1 0.46625 0.499167 0.045 0.061667
1 0.465625 0.470833 0.03625 0.045
1 0.48875 0.430833 0.03 0.058333
1 0.506875 0.4275 0.02875 0.051667
1 0.61625 0.623333 0.0875 0.103333
1 0.614375 0.555 0.07625 0.1
1 0.580625 0.503333 0.04375 0.066667
1 0.565625 0.455833 0.03875 0.065
1 0.569375 0.406667 0.03375 0.05
1 0.564375 0.29 0.02875 0.046667
1 0.6625 0.451667 0.0325 0.046667
1 0.65875 0.431667 0.0325 0.043333
1 0.645 0.413333 0.0375 0.033333
1 0.72625 0.540833 0.0675 0.111667
1 0.69375 0.514167 0.045 0.071667
1 0.806875 0.5775 0.07625 0.105
1 0.93625 0.720833 0.1275 0.171667
1 0.931875 0.459167 0.03875 0.061667
1 0.970625 0.441667 0.04125 0.063333
1 0.93375 0.4125 0.04 0.051667
1 0.89625 0.440833 0.035 0.058333
1 0.86125 0.43 0.0325 0.06