1 0.108 0.624625 0.048 0.072072
1 0.061 0.576577 0.038 0.048048
1 0.113 0.575075 0.034 0.045045
1 0.181 0.555556 0.03 0.042042
1 0.198 0.629129 0.044 0.075075
1 0.175 0.815315 0.082 0.129129
1 0.249 0.591592 0.038 0.066066
1 0.226 0.56006 0.028 0.039039
1 0.256 0.545045 0.024 0.045045
1 0.304 0.555556 0.028 0.042042
1 0.328 0.617117 0.036 0.069069
1 0.373 0.578078 0.034 0.051051
1 0.433 0.684685 0.062 0.108108
1 0.439 0.585586 0.034 0.054054
1 0.454 0.554054 0.028 0.045045
1 0.522 0.564565 0.028 0.036036
1 0.462 0.442943 0.028 0.045045
1 0.548 0.693694 0.064 0.12012
1 0.582 0.627628 0.048 0.084084
1 0.702 0.635135 0.052 0.081081
1 0.698 0.593093 0.04 0.051051
1 0.722 0.570571 0.028 0.054054
1 0.767 0.600601 0.042 0.066066
1 0.81 0.575075 0.032 0.057057