1 0.578125 0.24537 0.029167 0.061111
1 0.289062 0.316667 0.036458 0.062963
1 0.228125 0.368519 0.04375 0.081481
1 0.161458 0.381481 0.05 0.092593
1 0.207292 0.325 0.04375 0.075926
1 0.102604 0.3 0.030208 0.051852
1 0.069271 0.326852 0.038542 0.072222
1 0.025 0.332407 0.04375 0.068519
1 0.677604 0.325926 0.023958 0.051852
1 0.700521 0.341667 0.040625 0.07963
1 0.754167 0.37963 0.054167 0.114815
1 0.815625 0.4 0.064583 0.133333
1 0.816667 0.303704 0.022917 0.048148
1 0.831771 0.32037 0.021875 0.051852
1 0.860938 0.315741 0.023958 0.05
1 0.893229 0.323148 0.040625 0.07963
1 0.940104 0.343519 0.046875 0.087037