1 0.9525 0.179283 0.076 0.12749
1 0.532 0.712351 0.113 0.170518
1 0.26625 0.940637 0.1715 0.118725
1 0.06775 0.680478 0.1145 0.173705
1 0.27 0.617131 0.074 0.142629
1 0.6125 0.614741 0.079 0.12988
1 0.7115 0.484462 0.071 0.087649
1 0.7555 0.468526 0.046 0.098805
1 0.77975 0.446215 0.0505 0.078088
1 0.7985 0.418725 0.032 0.067729
1 0.806 0.392032 0.029 0.055777
1 0.78 0.38008 0.032 0.062151
1 0.68025 0.382869 0.0345 0.061355
1 0.6515 0.405578 0.041 0.076494
1 0.5935 0.452988 0.046 0.070916
1 0.5495 0.487251 0.051 0.093227
1 0.47825 0.498406 0.0615 0.104382
1 0.54975 0.403187 0.0325 0.050996
1 0.566 0.372112 0.034 0.05259
1 0.43825 0.386056 0.0265 0.05498
1 0.40925 0.383665 0.0355 0.053386
1 0.391 0.435458 0.043 0.074104
1 0.3445 0.451394 0.046 0.080478
1 0.3575 0.387251 0.035 0.05259
1 0.3325 0.378486 0.029 0.054183
1 0.29125 0.393625 0.0355 0.054183
1 0.249 0.478884 0.061 0.095618
1 0.232 0.429482 0.039 0.055777
1 0.24825 0.403984 0.0355 0.066932
1 0.167 0.381275 0.036 0.058167
1 0.1505 0.456972 0.046 0.086853
1 0.13025 0.40996 0.0315 0.05498
1 0.0765 0.434661 0.036 0.066135
1 0.05025 0.47012 0.0605 0.078088
1 0.05025 0.549801 0.0835 0.105179