1 0.077083 0.684722 0.054167 0.080556
1 0.122917 0.733333 0.0625 0.1
1 0.05 0.822222 0.079167 0.116667
1 0.21875 0.681944 0.05 0.080556
1 0.34375 0.851389 0.066667 0.125
1 0.347917 0.754167 0.058333 0.080556
1 0.38125 0.697222 0.0375 0.066667
1 0.491667 0.697222 0.041667 0.061111
1 0.527083 0.756944 0.05 0.080556
1 0.539583 0.843056 0.0625 0.097222
1 0.575 0.945833 0.091667 0.097222
1 0.675 0.715278 0.041667 0.058333
1 0.75 0.541667 0.041667 0.066667
1 0.732292 0.772222 0.047917 0.072222
1 0.789583 0.704167 0.045833 0.075
1 0.826042 0.831944 0.060417 0.102778
1 0.861458 0.758333 0.047917 0.083333