1 0.044167 0.491121 0.078333 0.09212
1 0.069167 0.430078 0.043333 0.049945
1 0.162917 0.381798 0.0375 0.046615
1 0.21375 0.41121 0.054167 0.058824
1 0.24875 0.370144 0.030833 0.045505
1 0.293333 0.367925 0.035 0.047725
1 0.3325 0.36182 0.033333 0.037736
1 0.317083 0.473363 0.0775 0.09212
1 0.389167 0.420089 0.048333 0.056604
1 0.439167 0.36404 0.043333 0.048835
1 0.449583 0.337403 0.0225 0.026637
1 0.554167 0.342952 0.03 0.037736
1 0.66375 0.379023 0.035833 0.049945
1 0.689583 0.430078 0.054167 0.058824
1 0.7075 0.475583 0.07 0.083241
1 0.734583 0.352941 0.035833 0.042175
1 0.815833 0.366815 0.036667 0.047725
1 0.842083 0.354606 0.030833 0.038846
1 0.89125 0.391232 0.050833 0.074362
1 0.949583 0.371254 0.035833 0.045505
1 0.9775 0.423418 0.045 0.09434
1 0.956667 0.677026 0.086667 0.18424