1 0.161552 0.322695 0.037906 0.092199
1 0.26444 0.37766 0.055957 0.117021
1 0.252708 0.276596 0.032491 0.06383
1 0.378159 0.382979 0.055957 0.148936
1 0.367329 0.281915 0.027076 0.053191
1 0.405235 0.182624 0.023466 0.060284
1 0.480144 0.278369 0.032491 0.08156
1 0.528881 0.363475 0.050542 0.124113
1 0.527076 0.280142 0.025271 0.06383
1 0.509025 0.239362 0.018051 0.053191
1 0.569495 0.269504 0.027076 0.056738
1 0.717509 0.342199 0.052347 0.109929
1 0.709386 0.258865 0.028881 0.056738
1 0.752708 0.29078 0.036101 0.078014
1 0.919675 0.359929 0.052347 0.138298
1 0.919675 0.287234 0.045126 0.085106
1 0.981047 0.407801 0.037906 0.170213