1 0.47 0.156604 0.07 0.14717
1 0.1825 0.50566 0.09 0.135849
1 0.04 0.479245 0.075 0.120755
1 0.02 0.381132 0.035 0.090566
1 0.16875 0.354717 0.0375 0.060377
1 0.19875 0.371698 0.0375 0.064151
1 0.24875 0.418868 0.0525 0.090566
1 0.25375 0.34717 0.0325 0.045283
1 0.30125 0.343396 0.0325 0.060377
1 0.33625 0.366038 0.0425 0.060377
1 0.3525 0.415094 0.05 0.090566
1 0.36125 0.332075 0.0275 0.05283
1 0.37125 0.313208 0.0225 0.030189
1 0.53 0.567925 0.105 0.2
1 0.58625 0.473585 0.0725 0.132075
1 0.61625 0.401887 0.0475 0.09434
1 0.58625 0.337736 0.0275 0.056604
1 0.55625 0.326415 0.0225 0.064151
1 0.65875 0.362264 0.0375 0.083019
1 0.695 0.339623 0.03 0.060377
1 0.76875 0.5 0.0825 0.14717
1 0.81375 0.658491 0.1175 0.237736
1 0.765 0.415094 0.06 0.075472
1 0.77875 0.350943 0.0425 0.060377
1 0.97875 0.362264 0.0425 0.075472