1 0.156784 0.365854 0.035348 0.077236
1 0.325542 0.231707 0.021665 0.044715
1 0.343786 0.196138 0.014823 0.042683
1 0.355758 0.213415 0.018244 0.036585
1 0.416762 0.205285 0.019384 0.04065
1 0.426454 0.180894 0.018244 0.04065
1 0.45268 0.215447 0.020525 0.044715
1 0.488027 0.228659 0.020525 0.050813
1 0.483466 0.184959 0.015964 0.036585
1 0.450399 0.152439 0.015964 0.03252
1 0.473774 0.148374 0.012543 0.03252
1 0.481756 0.134146 0.014823 0.028455
1 0.49886 0.151423 0.017104 0.030488
1 0.510262 0.140244 0.012543 0.02439
1 0.516534 0.158537 0.015964 0.028455
1 0.519954 0.119919 0.011403 0.02439
1 0.537058 0.14939 0.015964 0.030488
1 0.558723 0.121951 0.011403 0.028455
1 0.549601 0.188008 0.018244 0.046748
1 0.555302 0.163618 0.015964 0.038618
1 0.570696 0.160569 0.014823 0.03252
1 0.59122 0.175813 0.017104 0.038618
1 0.58951 0.11687 0.013683 0.034553
1 0.606613 0.140244 0.013683 0.03252
1 0.611174 0.099593 0.011403 0.028455
1 0.643672 0.119919 0.012543 0.02439
1 0.63683 0.145325 0.012543 0.026423
1 0.653364 0.14939 0.015964 0.034553
1 0.661345 0.131098 0.013683 0.030488
1 0.666477 0.114837 0.014823 0.030488
1 0.652223 0.106707 0.011403 0.022358
1 0.694413 0.122967 0.013683 0.026423
1 0.710376 0.129065 0.011403 0.026423
1 0.529076 0.271341 0.025086 0.050813
1 0.594071 0.287602 0.020525 0.050813
1 0.605473 0.309959 0.029647 0.067073
1 0.657925 0.339431 0.029647 0.077236
1 0.603193 0.235772 0.025086 0.052846
1 0.63512 0.251016 0.022805 0.046748
1 0.633409 0.206301 0.019384 0.042683
1 0.671608 0.224593 0.020525 0.054878
1 0.673888 0.179878 0.018244 0.038618
1 0.708096 0.179878 0.018244 0.038618
1 0.724629 0.231707 0.021665 0.044715
1 0.693843 0.397358 0.033067 0.071138
1 0.745724 0.170732 0.018244 0.04065
1 0.759977 0.130081 0.014823 0.04065
1 0.770239 0.146341 0.014823 0.036585
1 0.786203 0.143293 0.017104 0.034553
1 0.781642 0.180894 0.017104 0.04065
1 0.801026 0.203252 0.019384 0.052846
1 0.802166 0.168699 0.012543 0.028455
1 0.8187 0.193089 0.015964 0.04065
1 0.836944 0.17378 0.013683 0.030488
1 0.846636 0.159553 0.012543 0.030488
1 0.855188 0.188008 0.015964 0.042683
1 0.846066 0.218496 0.018244 0.046748
1 0.82041 0.259146 0.021665 0.054878
1 0.780502 0.277439 0.026226 0.063008
1 0.81813 0.367886 0.035348 0.069106
1 0.845496 0.29878 0.028506 0.060976
1 0.877423 0.273374 0.023945 0.054878
1 0.889396 0.226626 0.018244 0.042683
1 0.871152 0.185976 0.013683 0.030488
1 0.875143 0.164634 0.012543 0.02439
1 0.880274 0.151423 0.013683 0.026423
1 0.900228 0.196138 0.017104 0.038618
1 0.921893 0.180894 0.012543 0.036585
1 0.930445 0.278455 0.022805 0.04878
1 0.915051 0.33435 0.023945 0.050813
1 0.915051 0.398374 0.028506 0.073171
1 0.926454 0.239837 0.017104 0.04065
1 0.940137 0.23374 0.017104 0.036585
1 0.95553 0.185976 0.015964 0.038618
1 0.687001 0.281504 0.028506 0.050813