1 0.137 0.446097 0.046 0.104089
1 0.094 0.446097 0.036 0.081784
1 0.064 0.447955 0.032 0.070632
1 0.031 0.442379 0.034 0.066914
1 0.223 0.45539 0.054 0.130112
1 0.187 0.451673 0.026 0.070632
1 0.281 0.414498 0.038 0.092937
1 0.3 0.421933 0.02 0.048327
1 0.321 0.44052 0.026 0.055762
1 0.336 0.410781 0.02 0.048327
1 0.383 0.429368 0.058 0.107807
1 0.426 0.420074 0.024 0.05948
1 0.444 0.420074 0.02 0.04461
1 0.481 0.420074 0.034 0.081784
1 0.456 0.399628 0.024 0.055762
1 0.5 0.418216 0.016 0.048327
1 0.521 0.425651 0.018 0.048327
1 0.563 0.405204 0.038 0.081784
1 0.64 0.392193 0.048 0.100372
1 0.667 0.405204 0.026 0.05948
1 0.721 0.403346 0.054 0.092937
1 0.784 0.403346 0.032 0.055762
1 0.851 0.410781 0.038 0.070632
1 0.907 0.401487 0.03 0.066914