1 0.500943 0.373938 0.028302 0.050992
1 0.056604 0.899433 0.109434 0.17847
1 0.122642 0.613314 0.067925 0.076487
1 0.199057 0.628895 0.066038 0.090652
1 0.270755 0.59915 0.04717 0.065156
1 0.338679 0.654391 0.066038 0.084986
1 0.431132 0.689802 0.081132 0.127479
1 0.484906 0.623229 0.060377 0.090652
1 0.579245 0.556657 0.041509 0.076487
1 0.622642 0.637394 0.05283 0.073654
1 0.656604 0.553824 0.037736 0.070822
1 0.693396 0.601983 0.035849 0.053824
1 0.765094 0.536827 0.04717 0.070822
1 0.833962 0.541076 0.033962 0.062323
1 0.924528 0.55949 0.045283 0.087819
1 0.974528 0.555241 0.039623 0.056657
1 0.980189 0.610482 0.039623 0.070822
1 0.966038 0.667139 0.067925 0.093484
1 0.859434 0.70255 0.088679 0.152975
1 0.796226 0.78187 0.14717 0.203966
1 0.776415 0.640227 0.062264 0.096317
1 0.711321 0.555241 0.033962 0.056657
1 0.687736 0.53966 0.024528 0.042493
1 0.433962 0.51983 0.033962 0.053824
1 0.381132 0.543909 0.037736 0.056657
1 0.398113 0.584986 0.041509 0.05949
1 0.283962 0.556657 0.032075 0.05949
1 0.25283 0.524079 0.030189 0.045326
1 0.310377 0.524079 0.028302 0.045326
1 0.154717 0.569405 0.049057 0.062323
1 0.184906 0.541076 0.030189 0.056657
1 0.146226 0.515581 0.024528 0.045326
1 0.116038 0.550992 0.032075 0.053824
1 0.121698 0.532578 0.028302 0.03966
1 0.065094 0.525496 0.032075 0.048159