1 0.204 0.746988 0.224 0.385542
1 0.046 0.611446 0.084 0.168675
1 0.115 0.540663 0.05 0.093373
1 0.152 0.557229 0.068 0.096386
1 0.203 0.510542 0.054 0.075301
1 0.296 0.560241 0.092 0.144578
1 0.341 0.59488 0.066 0.111446
1 0.433 0.569277 0.058 0.084337
1 0.553 0.343373 0.034 0.066265
1 0.53 0.584337 0.056 0.108434
1 0.612 0.576807 0.052 0.093373
1 0.662 0.50753 0.052 0.081325
1 0.719 0.623494 0.162 0.228916
1 0.802 0.5 0.044 0.078313
1 0.904 0.521084 0.056 0.096386
1 0.948 0.585843 0.096 0.165663