1 0.095392 0.584922 0.048504 0.105719
1 0.200485 0.27383 0.021019 0.051993
1 0.220291 0.275563 0.02021 0.048527
1 0.26637 0.241768 0.021827 0.043328
1 0.29709 0.241768 0.018593 0.043328
1 0.318917 0.238302 0.02021 0.05026
1 0.311237 0.202773 0.021019 0.041594
1 0.35004 0.210572 0.014551 0.046794
1 0.359741 0.275563 0.021019 0.065858
1 0.396928 0.238302 0.016168 0.046794
1 0.361762 0.194107 0.016977 0.034662
1 0.391673 0.193241 0.016977 0.036395
1 0.410267 0.176776 0.012126 0.031196
1 0.427648 0.193241 0.016168 0.039861
1 0.442199 0.168977 0.017785 0.036395
1 0.454325 0.162912 0.012935 0.031196
1 0.475344 0.168977 0.017785 0.043328
1 0.489086 0.15078 0.016168 0.034662
1 0.494341 0.212305 0.016977 0.039861
1 0.467664 0.256499 0.023444 0.058925
1 0.434115 0.309359 0.025869 0.057192
1 0.525465 0.167244 0.017785 0.043328
1 0.551738 0.163778 0.018593 0.036395
1 0.552546 0.140381 0.01536 0.034662
1 0.576799 0.138648 0.016977 0.038128
1 0.551334 0.218371 0.019402 0.048527
1 0.573161 0.200173 0.017785 0.036395
1 0.608327 0.185442 0.013743 0.034662
1 0.597009 0.126516 0.01536 0.031196
1 0.621261 0.129983 0.013743 0.034662
1 0.612369 0.160312 0.01536 0.032929
1 0.639046 0.149913 0.01536 0.036395
1 0.651981 0.154246 0.013743 0.038128
1 0.626516 0.202773 0.016168 0.048527
1 0.615198 0.292894 0.022635 0.062392
1 0.562247 0.356153 0.029911 0.046794
1 0.607922 0.379549 0.027486 0.058925
1 0.65481 0.413345 0.027486 0.071057
1 0.662086 0.188908 0.012935 0.034662
1 0.662086 0.253033 0.019402 0.065858
1 0.687955 0.166378 0.014551 0.034662
1 0.693614 0.140381 0.012935 0.031196
1 0.706952 0.15078 0.01536 0.034662
1 0.712611 0.218371 0.013743 0.045061
1 0.733226 0.221837 0.016168 0.041594
1 0.718674 0.27643 0.019402 0.064125
1 0.729992 0.402946 0.027486 0.067591
1 0.755861 0.235702 0.017785 0.041594
1 0.757882 0.20104 0.01536 0.038128
1 0.780517 0.17591 0.013743 0.039861
1 0.781326 0.210572 0.01536 0.043328
1 0.795069 0.255633 0.016977 0.05026
1 0.76637 0.286828 0.016168 0.046794
1 0.803557 0.475737 0.03557 0.081456
1 0.860146 0.532929 0.030719 0.091854
1 0.873888 0.428943 0.022635 0.07799
1 0.817704 0.310225 0.018593 0.055459
1 0.861762 0.35182 0.019402 0.058925
1 0.813662 0.246967 0.018593 0.05026
1 0.812854 0.195841 0.016977 0.048527
1 0.833064 0.216638 0.018593 0.045061
1 0.873484 0.240901 0.013743 0.045061
1 0.878335 0.225303 0.013743 0.051993
1 0.906225 0.243501 0.014551 0.043328
1 0.900162 0.259965 0.01536 0.045061
1 0.890057 0.285095 0.019402 0.046794
1 0.922797 0.333622 0.018593 0.060659
1 0.938561 0.286828 0.014551 0.039861
1 0.949475 0.259965 0.016977 0.038128
1 0.987874 0.274697 0.014551 0.043328
1 0.978981 0.307626 0.014551 0.043328
1 0.97696 0.347487 0.013743 0.039861
1 0.978173 0.37695 0.019402 0.053726
1 0.94907 0.384749 0.021019 0.07279
1 0.96443 0.44974 0.025869 0.074523