1 0.240946 0.41 0.06338 0.14
1 0.329477 0.496364 0.065392 0.138182
1 0.264085 0.157273 0.017103 0.030909
1 0.32998 0.236364 0.028169 0.058182
1 0.412978 0.268182 0.025151 0.052727
1 0.406942 0.208182 0.019115 0.038182
1 0.445674 0.199091 0.016097 0.034545
1 0.46831 0.228182 0.019115 0.045455
1 0.592052 0.248182 0.025151 0.052727
1 0.630282 0.243636 0.029175 0.069091
1 0.605131 0.122727 0.013078 0.027273
1 0.609155 0.106364 0.011066 0.023636
1 0.635815 0.119091 0.012072 0.027273
1 0.660966 0.117273 0.014085 0.027273