1 0.168878 0.24 0.182653 0.473333
1 0.24949 0.406667 0.054082 0.226667
1 0.317347 0.366667 0.059184 0.213333
1 0.342347 0.3 0.027551 0.1
1 0.420408 0.36 0.046939 0.16
1 0.494898 0.35 0.026531 0.106667
1 0.555102 0.32 0.026531 0.093333
1 0.580612 0.3 0.022449 0.093333
1 0.65 0.27 0.02449 0.093333
1 0.590306 0.513333 0.047959 0.206667
1 0.618878 0.461667 0.05 0.183333
1 0.558673 0.441667 0.033673 0.143333
1 0.717347 0.418333 0.110204 0.403333
1 0.660204 0.386667 0.032653 0.126667
1 0.818367 0.308333 0.02449 0.083333
1 0.816837 0.213333 0.019388 0.08
1 0.894898 0.27 0.032653 0.106667
1 0.918878 0.166667 0.021429 0.08
1 0.958163 0.25 0.034694 0.126667
1 0.990306 0.146667 0.019388 0.1
1 0.894898 0.533333 0.12449 0.406667