1 0.406167 0.61875 0.056333 0.1045
1 0.2815 0.611 0.041667 0.076
1 0.069 0.6715 0.069333 0.153
1 0.1395 0.6495 0.045 0.074
1 0.098333 0.59675 0.033333 0.0605
1 0.061833 0.55625 0.028333 0.0475
1 0.0275 0.536 0.025 0.045
1 0.1065 0.53325 0.021 0.0375
1 0.160833 0.53075 0.026333 0.0365
1 0.193333 0.523 0.028 0.048
1 0.2215 0.5135 0.020333 0.033
1 0.2635 0.53225 0.022333 0.0415
1 0.2795 0.50775 0.019667 0.0345
1 0.310167 0.51925 0.023667 0.0365
1 0.371833 0.49775 0.021 0.0375
1 0.420333 0.50925 0.018 0.0375
1 0.470167 0.51475 0.023 0.0355
1 0.5025 0.51925 0.022333 0.0385
1 0.512833 0.5145 0.018333 0.031
1 0.543333 0.523 0.018 0.031
1 0.559333 0.49575 0.018 0.0315
1 0.579833 0.50775 0.014333 0.0285
1 0.602833 0.53125 0.021667 0.0355
1 0.608333 0.509 0.018667 0.028
1 0.642333 0.53025 0.018667 0.0395
1 0.685667 0.53225 0.019333 0.0395
1 0.726333 0.52975 0.016 0.0365
1 0.755833 0.525 0.023667 0.044
1 0.785333 0.5255 0.021333 0.045
1 0.888167 0.54675 0.025667 0.0585
1 0.9135 0.54475 0.023667 0.0545