1 0.312 0.58452 0.04 0.044484
1 0.390667 0.566726 0.034667 0.05516
1 0.406667 0.508897 0.029333 0.049822
1 0.422667 0.574733 0.024 0.042705
1 0.448667 0.579181 0.028 0.051601
1 0.483333 0.560498 0.02 0.035587
1 0.499333 0.55427 0.014667 0.033808
1 0.537333 0.537367 0.034667 0.05694
1 0.546667 0.564947 0.024 0.051601
1 0.563333 0.561388 0.022667 0.037367
1 0.572667 0.558719 0.02 0.02847
1 0.606667 0.55694 0.026667 0.046263
1 0.66 0.563167 0.026667 0.037367
1 0.684 0.553381 0.034667 0.046263
1 0.720667 0.566726 0.025333 0.044484
1 0.766 0.564057 0.017333 0.032028
1 0.794 0.562278 0.022667 0.032028
1 0.834 0.567616 0.025333 0.042705
1 0.854 0.575623 0.025333 0.05516
1 0.876667 0.577402 0.028 0.051601
1 0.878 0.552491 0.022667 0.030249
1 0.927333 0.596975 0.044 0.065836
1 0.966 0.608541 0.054667 0.064057
1 0.913333 0.544484 0.024 0.032028
1 0.937333 0.545374 0.021333 0.030249