1 0.250909 0.479369 0.069091 0.089806
1 0.392727 0.54733 0.069091 0.089806
1 0.615455 0.43932 0.06 0.101942
1 0.691818 0.56068 0.052727 0.07767
1 0.809091 0.550971 0.054545 0.087379
1 0.274545 0.748786 0.054545 0.089806
1 0.324545 0.764563 0.074545 0.097087
1 0.344545 0.866505 0.081818 0.11165
1 0.375455 0.936893 0.114545 0.126214
1 0.552727 0.807039 0.065455 0.09466
1 0.637273 0.782767 0.074545 0.114078
1 0.700909 0.853155 0.103636 0.133495
1 0.788182 0.731796 0.070909 0.09466
1 0.893636 0.92233 0.114545 0.15534
1 0.927273 0.821602 0.083636 0.114078
1 0.976364 0.747573 0.047273 0.097087