1 0.115927 0.506228 0.046371 0.115658
1 0.723286 0.123665 0.015121 0.030249
1 0.688004 0.113879 0.015121 0.02847
1 0.637601 0.102313 0.015121 0.02669
1 0.74496 0.135231 0.018145 0.02847
1 0.759073 0.132562 0.012097 0.023132
1 0.31502 0.236655 0.015121 0.042705
1 0.328125 0.202847 0.017137 0.039146
1 0.357863 0.202847 0.014113 0.035587
1 0.425907 0.157473 0.015121 0.02669
1 0.470766 0.140569 0.014113 0.032028
1 0.498488 0.127224 0.011089 0.02669
1 0.424899 0.201068 0.017137 0.032028
1 0.449597 0.218861 0.020161 0.039146
1 0.529738 0.128114 0.015121 0.035587
1 0.583165 0.120996 0.015121 0.032028
1 0.607359 0.125445 0.015121 0.02669
1 0.617944 0.113879 0.020161 0.02847
1 0.780746 0.146797 0.015121 0.037367
1 0.53881 0.159253 0.013105 0.023132
1 0.509577 0.152135 0.013105 0.033808
1 0.489919 0.146797 0.020161 0.037367
1 0.503528 0.216192 0.015121 0.037367
1 0.560988 0.185943 0.017137 0.033808
1 0.560988 0.164591 0.019153 0.048043
1 0.543851 0.1379 0.015121 0.02669
1 0.592742 0.16726 0.014113 0.02847
1 0.631048 0.154804 0.014113 0.02847
1 0.658266 0.142349 0.014113 0.02847
1 0.664315 0.118327 0.014113 0.030249
1 0.533266 0.274911 0.032258 0.05516
1 0.58619 0.284698 0.023185 0.053381
1 0.589214 0.251779 0.023185 0.048043
1 0.635081 0.298932 0.030242 0.067616
1 0.637601 0.258897 0.033266 0.05516
1 0.641633 0.22153 0.021169 0.048043
1 0.66381 0.197509 0.023185 0.042705
1 0.670363 0.243772 0.022177 0.042705
1 0.71119 0.171708 0.019153 0.030249
1 0.704133 0.212633 0.021169 0.037367
1 0.722782 0.236655 0.018145 0.039146
1 0.678931 0.297153 0.025202 0.042705
1 0.677923 0.345196 0.033266 0.042705
1 0.759073 0.335409 0.030242 0.062278
1 0.75252 0.173488 0.015121 0.030249
1 0.816028 0.172598 0.017137 0.042705
1 0.84879 0.153025 0.016129 0.035587
1 0.834677 0.176157 0.020161 0.039146
1 0.788306 0.217972 0.024194 0.048043
1 0.797883 0.27847 0.027218 0.044484
1 0.83871 0.36032 0.032258 0.058719
1 0.844758 0.219751 0.020161 0.044484
1 0.820565 0.264235 0.02621 0.048043
1 0.883569 0.155694 0.015121 0.033808
1 0.869456 0.185943 0.021169 0.030249
1 0.892137 0.212633 0.018145 0.037367
1 0.919859 0.162811 0.013105 0.033808
1 0.917843 0.185943 0.017137 0.040925
1 0.94506 0.172598 0.013105 0.035587
1 0.935988 0.24911 0.021169 0.039146
1 0.925907 0.284698 0.017137 0.042705
1 0.922379 0.324733 0.02621 0.044484
1 0.871472 0.295374 0.023185 0.053381
1 0.883065 0.25 0.022177 0.05516
1 0.902722 0.200178 0.017137 0.033808
1 0.854839 0.199288 0.022177 0.053381
1 0.772177 0.190391 0.02621 0.049822
1 0.764617 0.151246 0.019153 0.039146
1 0.69254 0.13968 0.024194 0.044484
1 0.491431 0.180605 0.015121 0.037367
1 0.439012 0.190391 0.015121 0.035587
1 0.470766 0.154804 0.016129 0.02847
1 0.945565 0.22242 0.014113 0.035587