1 0.034375 0.396766 0.06375 0.196517
1 0.0375 0.231343 0.0375 0.084577
1 0.063125 0.199005 0.02625 0.049751
1 0.118125 0.197761 0.02625 0.062189
1 0.13625 0.190299 0.0225 0.052239
1 0.269375 0.223881 0.03375 0.079602
1 0.284375 0.252488 0.03625 0.087065
1 0.338125 0.222637 0.03875 0.08209
1 0.345 0.16791 0.0325 0.057214
1 0.385 0.172886 0.0275 0.072139
1 0.40875 0.218905 0.0475 0.099502
1 0.43 0.186567 0.025 0.054726
1 0.32875 0.431592 0.105 0.241294
1 0.608125 0.461443 0.14125 0.325871
1 0.54 0.124378 0.0925 0.228856
1 0.621875 0.222637 0.03875 0.097015
1 0.645 0.144279 0.035 0.064677
1 0.6875 0.038557 0.03 0.067164
1 0.84125 0.641791 0.2475 0.457711