1 0.199153 0.353333 0.044256 0.093333
1 0.285311 0.254167 0.024482 0.045
1 0.315913 0.218333 0.014124 0.026667
1 0.316384 0.266667 0.016949 0.033333
1 0.338512 0.27 0.019774 0.036667
1 0.346516 0.221667 0.018832 0.033333
1 0.372411 0.21 0.014124 0.033333
1 0.379473 0.23 0.020716 0.03
1 0.391243 0.199167 0.021657 0.045
1 0.431733 0.284167 0.02354 0.055
1 0.42467 0.215833 0.020716 0.041667
1 0.426554 0.173333 0.016949 0.03
1 0.44162 0.195833 0.018832 0.035
1 0.460923 0.216667 0.017891 0.036667
1 0.463748 0.19 0.017891 0.033333
1 0.450565 0.1725 0.017891 0.028333
1 0.451507 0.1475 0.016008 0.025
1 0.473635 0.154167 0.015066 0.035
1 0.496704 0.190833 0.019774 0.035
1 0.504708 0.175833 0.016949 0.028333
1 0.48823 0.13 0.014124 0.026667
1 0.525424 0.141667 0.018832 0.033333
1 0.551789 0.160833 0.016949 0.035
1 0.547081 0.194167 0.020716 0.041667
1 0.574859 0.165833 0.016008 0.038333
1 0.556497 0.1225 0.013183 0.031667
1 0.583804 0.119167 0.015066 0.025
1 0.58145 0.138333 0.016008 0.023333
1 0.59275 0.100833 0.016008 0.025
1 0.608757 0.116667 0.012241 0.026667
1 0.618644 0.099167 0.013183 0.025
1 0.622411 0.14 0.016949 0.033333
1 0.638418 0.110833 0.013183 0.028333
1 0.65113 0.100833 0.016008 0.031667
1 0.66855 0.12 0.016949 0.03
1 0.693503 0.098333 0.016008 0.033333
1 0.658192 0.1625 0.022599 0.045
1 0.666667 0.2 0.020716 0.053333
1 0.607345 0.21 0.026365 0.046667
1 0.611111 0.254167 0.030132 0.055
1 0.563089 0.249167 0.026365 0.048333
1 0.548023 0.3075 0.033898 0.065
1 0.49435 0.299167 0.028249 0.051667
1 0.682674 0.329167 0.032015 0.065
1 0.611582 0.338333 0.038606 0.07
1 0.666196 0.251667 0.019774 0.05
1 0.710452 0.2225 0.02354 0.048333
1 0.719397 0.283333 0.030132 0.066667
1 0.772128 0.285833 0.026365 0.055
1 0.698211 0.18 0.017891 0.04
1 0.697269 0.144167 0.017891 0.038333
1 0.713277 0.134167 0.017891 0.045
1 0.735876 0.128333 0.016008 0.033333
1 0.75 0.144167 0.014124 0.035
1 0.737759 0.1625 0.017891 0.038333
1 0.75 0.188333 0.017891 0.046667
1 0.761299 0.179167 0.014124 0.038333
1 0.767891 0.1325 0.016008 0.031667
1 0.75565 0.105 0.016008 0.026667
1 0.803672 0.1775 0.021657 0.041667
1 0.813089 0.1275 0.012241 0.031667
1 0.806026 0.1425 0.013183 0.021667
1 0.833804 0.1375 0.016008 0.038333
1 0.827213 0.169167 0.016008 0.038333
1 0.848399 0.1875 0.016949 0.048333
1 0.868173 0.165833 0.018832 0.038333
1 0.870056 0.135833 0.015066 0.028333
1 0.882298 0.185 0.020716 0.046667
1 0.873823 0.2275 0.022599 0.051667
1 0.919021 0.28 0.024482 0.06
1 0.92467 0.185833 0.018832 0.041667
1 0.898776 0.1675 0.014124 0.035
1 0.903013 0.131667 0.015066 0.03
1 0.927495 0.149167 0.015066 0.031667