1 0.19625 0.56375 0.149167 0.2575
1 0.125 0.37375 0.123333 0.1925
1 0.20625 0.25875 0.089167 0.1625
1 0.294583 0.3875 0.094167 0.1825
1 0.480833 0.599375 0.14 0.25625
1 0.549167 0.50125 0.111667 0.1925
1 0.649167 0.4975 0.11 0.185
1 0.809583 0.64625 0.120833 0.2375
1 0.825417 0.445625 0.109167 0.20125
1 0.675 0.193125 0.083333 0.14625
1 0.736667 0.196875 0.055 0.11625
1 0.741667 0.116875 0.045 0.08125
1 0.864167 0.239375 0.081667 0.14375
1 0.477083 0.208125 0.0725 0.13375
1 0.543333 0.160625 0.055 0.10625
1 0.579167 0.128125 0.048333 0.09875
1 0.633333 0.1575 0.055 0.1075
1 0.970833 0.179375 0.05 0.10375
1 0.297083 0.11875 0.0475 0.0875
1 0.379167 0.174375 0.065 0.12125
1 0.4375 0.133125 0.051667 0.09125
1 0.175417 0.181875 0.0725 0.11125
1 0.164167 0.088125 0.051667 0.07375