1 0.08875 0.545028 0.075 0.114447
1 0.230625 0.543152 0.09625 0.129456
1 0.150625 0.439962 0.03875 0.050657
1 0.211875 0.448405 0.04875 0.060038
1 0.29125 0.470919 0.0625 0.101313
1 0.429375 0.487805 0.06375 0.101313
1 0.4025 0.637899 0.1175 0.19137
1 0.49875 0.441839 0.0425 0.073171
1 0.468125 0.407129 0.02625 0.052533
1 0.41 0.403377 0.035 0.056285
1 0.495625 0.393058 0.02625 0.043152
1 0.57 0.541276 0.065 0.106942
1 0.60875 0.4606 0.0425 0.073171
1 0.68125 0.417448 0.0275 0.046904
1 0.7 0.484053 0.0425 0.075047
1 0.705625 0.668856 0.16625 0.223265
1 0.77875 0.564728 0.0675 0.116323
1 0.774375 0.481238 0.04875 0.073171
1 0.81125 0.456848 0.04 0.076923
1 0.728125 0.443715 0.04625 0.054409
1 0.94 0.592871 0.095 0.135084
1 0.951875 0.5 0.04125 0.069418
1 0.9175 0.458724 0.0375 0.061914
1 0.99 0.467167 0.02 0.04878