1 0.17 0.349876 0.093333 0.163772
1 0.27 0.478908 0.046667 0.069479
1 0.279167 0.539702 0.051667 0.081886
1 0.323333 0.502481 0.046667 0.07196
1 0.35 0.560794 0.053333 0.094293
1 0.41 0.547146 0.063333 0.101737
1 0.4825 0.539702 0.061667 0.121588
1 0.570833 0.523573 0.051667 0.079404
1 0.595833 0.599256 0.061667 0.121588
1 0.5 0.753102 0.106667 0.205955
1 0.683333 0.719603 0.12 0.193548
1 0.709167 0.602978 0.078333 0.124069
1 0.675833 0.468983 0.038333 0.064516
1 0.7375 0.466501 0.045 0.064516
1 0.786667 0.496278 0.05 0.084367
1 0.779167 0.375931 0.025 0.057072
1 0.879167 0.327543 0.091667 0.153846
1 0.6 0.468983 0.033333 0.059553