1 0.14 0.538889 0.036667 0.055556
1 0.21 0.527778 0.036667 0.051111
1 0.244167 0.517778 0.028333 0.04
1 0.29 0.512222 0.026667 0.033333
1 0.330833 0.495556 0.025 0.031111
1 0.3625 0.458889 0.021667 0.033333
1 0.491667 0.468889 0.02 0.031111
1 0.5475 0.465556 0.021667 0.033333
1 0.623333 0.763333 0.08 0.122222
1 0.665 0.672222 0.06 0.086667
1 0.681667 0.636667 0.063333 0.082222
1 0.714167 0.598889 0.045 0.06
1 0.6925 0.576667 0.041667 0.055556
1 0.723333 0.536667 0.03 0.046667
1 0.701667 0.516667 0.026667 0.042222