1 0.070848 0.272449 0.020906 0.046939
1 0.423345 0.22551 0.015099 0.030612
1 0.472125 0.173469 0.017422 0.032653
1 0.492451 0.176531 0.020906 0.042857
1 0.45935 0.237755 0.017422 0.030612
1 0.560395 0.180612 0.017422 0.038776
1 0.573751 0.194898 0.018583 0.046939
1 0.646922 0.127551 0.011614 0.030612
1 0.688153 0.179592 0.017422 0.036735
1 0.64518 0.22449 0.02439 0.040816
1 0.646341 0.273469 0.019744 0.044898
1 0.649245 0.335714 0.025552 0.055102
1 0.70151 0.305102 0.020906 0.05102
1 0.695703 0.231633 0.018583 0.038776
1 0.956446 0.245918 0.019744 0.038776