1 0.96 0.84033 0.068 0.103448
1 0.823 0.476762 0.032 0.047976
1 0.653 0.498501 0.028 0.046477
1 0.5555 0.529985 0.029 0.046477
1 0.5725 0.813343 0.089 0.13943
1 0.68 0.733133 0.07 0.110945
1 0.78 0.66042 0.044 0.070465
1 0.838 0.673913 0.038 0.046477
1 0.8565 0.654423 0.031 0.037481
1 0.8795 0.623688 0.035 0.044978
1 0.734 0.61919 0.028 0.050975
1 0.689 0.621439 0.034 0.061469
1 0.6255 0.634933 0.045 0.061469
1 0.5455 0.661169 0.049 0.065967
1 0.4455 0.710645 0.051 0.077961
1 0.359 0.923538 0.1 0.146927
1 0.0765 0.78036 0.083 0.112444
1 0.311 0.775112 0.056 0.086957
1 0.246 0.696402 0.052 0.070465
1 0.345 0.672414 0.044 0.067466
1 0.415 0.637931 0.036 0.058471
1 0.5055 0.616942 0.033 0.055472
1 0.5585 0.602699 0.031 0.044978
1 0.47 0.598951 0.032 0.046477
1 0.3975 0.602699 0.027 0.041979
1 0.32 0.61994 0.046 0.052474
1 0.284 0.511994 0.032 0.058471
1 0.2165 0.595202 0.027 0.041979
1 0.128 0.668666 0.048 0.068966
1 0.1075 0.610945 0.041 0.061469
1 0.036 0.621439 0.028 0.049475
1 0.0105 0.667166 0.019 0.050975