1 0.039375 0.3 0.03375 0.033333
1 0.035625 0.415 0.01875 0.036667
1 0.059375 0.420833 0.03375 0.038333
1 0.109375 0.429167 0.04375 0.051667
1 0.078125 0.438333 0.02625 0.03
1 0.16875 0.343333 0.02 0.03
1 0.206875 0.341667 0.01625 0.026667
1 0.258125 0.348333 0.01875 0.03
1 0.2825 0.3525 0.02 0.028333
1 0.32625 0.348333 0.02 0.033333
1 0.22625 0.541667 0.08 0.096667
1 0.193125 0.493333 0.06125 0.093333
1 0.1575 0.428333 0.035 0.05
1 0.14375 0.403333 0.025 0.033333
1 0.19 0.416667 0.0325 0.053333
1 0.213125 0.399167 0.02375 0.035
1 0.239375 0.4475 0.04125 0.065
1 0.278125 0.438333 0.04125 0.053333
1 0.2675 0.405833 0.035 0.038333
1 0.2975 0.414167 0.025 0.035
1 0.31875 0.399167 0.0225 0.031667
1 0.3275 0.443333 0.035 0.053333
1 0.37 0.428333 0.0325 0.046667
1 0.398125 0.401667 0.02375 0.036667
1 0.426875 0.5675 0.14125 0.221667
1 0.45875 0.4575 0.055 0.075
1 0.4525 0.408333 0.03 0.043333
1 0.5075 0.3975 0.025 0.031667
1 0.53875 0.446667 0.04 0.053333
1 0.588125 0.454167 0.04875 0.071667
1 0.563125 0.411667 0.02625 0.036667
1 0.525625 0.3925 0.01875 0.031667
1 0.62 0.415833 0.03 0.035
1 0.68375 0.424167 0.0275 0.038333
1 0.66625 0.413333 0.0225 0.03
1 0.705 0.445 0.0275 0.043333
1 0.74625 0.46 0.0525 0.08
1 0.643125 0.53 0.06875 0.1
1 0.758125 0.600833 0.10625 0.161667
1 0.82625 0.545833 0.0775 0.118333
1 0.92 0.485833 0.07 0.085
1 0.846875 0.459167 0.05125 0.061667
1 0.78625 0.443333 0.035 0.053333
1 0.771875 0.419167 0.02375 0.035
1 0.72625 0.411667 0.0225 0.033333
1 0.855625 0.410833 0.02875 0.038333
1 0.835 0.395833 0.0225 0.025
1 0.884375 0.435 0.03375 0.043333
1 0.96125 0.626667 0.0725 0.163333
1 0.99 0.4525 0.02 0.045
1 0.965 0.43 0.03 0.043333
1 0.934375 0.438333 0.03125 0.046667
1 0.919375 0.4 0.01875 0.03
1 0.945 0.406667 0.02 0.03
1 0.988125 0.405 0.01625 0.026667