1 0.1925 0.39 0.088333 0.18
1 0.314167 0.37875 0.061667 0.1025
1 0.375833 0.365 0.045 0.095
1 0.406667 0.34875 0.03 0.0675
1 0.436667 0.375 0.033333 0.065
1 0.435 0.3375 0.03 0.05
1 0.4975 0.31625 0.028333 0.0375
1 0.519167 0.33375 0.028333 0.0525
1 0.5675 0.3275 0.025 0.045
1 0.581667 0.3375 0.02 0.035
1 0.6275 0.34625 0.028333 0.0475
1 0.66 0.3225 0.043333 0.065
1 0.6725 0.36625 0.041667 0.0775
1 0.729167 0.39875 0.061667 0.1275
1 0.690833 0.335 0.025 0.045
1 0.721667 0.30875 0.02 0.0475
1 0.748333 0.35 0.026667 0.05
1 0.810833 0.48875 0.085 0.1625
1 0.8275 0.34125 0.031667 0.0575
1 0.870833 0.36625 0.031667 0.0625
1 0.898333 0.34625 0.023333 0.0525
1 0.941667 0.365 0.036667 0.07
1 0.959167 0.3225 0.025 0.045