1 0.088702 0.423333 0.044818 0.093333
1 0.259104 0.285 0.019608 0.043333
1 0.289916 0.2625 0.01774 0.041667
1 0.303455 0.263333 0.018674 0.043333
1 0.319795 0.284167 0.021475 0.041667
1 0.346405 0.276667 0.020542 0.043333
1 0.310458 0.234167 0.019608 0.031667
1 0.349673 0.219167 0.019608 0.038333
1 0.358077 0.231667 0.019608 0.033333
1 0.394024 0.215 0.016807 0.03
1 0.418768 0.218333 0.019608 0.04
1 0.388889 0.195833 0.015873 0.031667
1 0.429038 0.274167 0.02521 0.048333
1 0.470588 0.246667 0.020542 0.05
1 0.45098 0.225833 0.016807 0.038333
1 0.410831 0.1725 0.016807 0.031667
1 0.457983 0.166667 0.015873 0.026667
1 0.432306 0.189167 0.014939 0.028333
1 0.444911 0.1925 0.015873 0.025
1 0.489729 0.1975 0.019608 0.035
1 0.460317 0.205 0.020542 0.033333
1 0.475724 0.1625 0.014006 0.028333
1 0.468254 0.15 0.010271 0.02
1 0.451914 0.148333 0.013072 0.023333
1 0.486461 0.1325 0.014939 0.028333
1 0.512138 0.168333 0.01774 0.026667
1 0.536881 0.164167 0.018674 0.038333
1 0.521475 0.218333 0.023343 0.046667
1 0.536415 0.133333 0.015873 0.033333
1 0.524276 0.145833 0.014006 0.038333
1 0.55789 0.110833 0.014006 0.025
1 0.555089 0.145 0.015873 0.033333
1 0.569561 0.173333 0.020542 0.04
1 0.576564 0.155 0.01774 0.03
1 0.588702 0.120833 0.01774 0.031667
1 0.597106 0.098333 0.015873 0.033333
1 0.621382 0.143333 0.01774 0.04
1 0.622782 0.100833 0.013072 0.025
1 0.638189 0.123333 0.015873 0.033333
1 0.650794 0.095833 0.014939 0.035
1 0.675537 0.124167 0.015873 0.031667
1 0.688609 0.11 0.015873 0.033333
1 0.481326 0.310833 0.028945 0.058333
1 0.556489 0.291667 0.026144 0.053333
1 0.570962 0.2475 0.021475 0.051667
1 0.606909 0.2725 0.026144 0.048333
1 0.613912 0.3325 0.030812 0.075
1 0.669935 0.363333 0.03268 0.073333
1 0.612979 0.210833 0.021475 0.048333
1 0.642857 0.191667 0.01774 0.036667
1 0.655462 0.2125 0.022409 0.038333
1 0.671802 0.253333 0.02521 0.053333
1 0.697479 0.220833 0.022409 0.055
1 0.721755 0.2675 0.028011 0.058333
1 0.694211 0.155 0.015873 0.04
1 0.714753 0.139167 0.019608 0.038333
1 0.709617 0.186667 0.020542 0.046667
1 0.739963 0.2025 0.019608 0.041667
1 0.744164 0.17 0.018674 0.033333
1 0.744164 0.145833 0.016807 0.031667
1 0.733894 0.129167 0.016807 0.035
1 0.749767 0.111667 0.013072 0.026667
1 0.765173 0.130833 0.015873 0.031667
1 0.779645 0.125833 0.013072 0.038333
1 0.795985 0.128333 0.012138 0.033333
1 0.80859 0.133333 0.011204 0.03
1 0.816993 0.165833 0.018674 0.035
1 0.797386 0.1775 0.024276 0.048333
1 0.765173 0.2475 0.021475 0.048333
1 0.786181 0.29 0.024276 0.056667
1 0.819328 0.25 0.02521 0.053333
1 0.845938 0.185 0.022409 0.046667
1 0.836601 0.1525 0.014939 0.035
1 0.866947 0.1225 0.014006 0.031667
1 0.872549 0.154167 0.01774 0.035
1 0.871615 0.219167 0.01774 0.051667
1 0.887021 0.2025 0.018674 0.041667
1 0.894024 0.164167 0.014006 0.035
1 0.899627 0.1325 0.014006 0.038333
1 0.930906 0.168333 0.013072 0.033333
1 0.926704 0.154167 0.010271 0.021667
1 0.925303 0.2 0.016807 0.043333
1 0.927171 0.290833 0.026144 0.061667