1 0.092969 0.3875 0.051562 0.097222
1 0.049219 0.347222 0.035937 0.066667
1 0.191406 0.398611 0.051562 0.113889
1 0.169531 0.351389 0.032813 0.058333
1 0.234375 0.333333 0.025 0.05
1 0.2625 0.375 0.040625 0.083333
1 0.325781 0.365278 0.032813 0.086111
1 0.394531 0.338889 0.039062 0.083333
1 0.452344 0.333333 0.029687 0.083333
1 0.444531 0.554167 0.107813 0.180556
1 0.567187 0.4375 0.090625 0.219444
1 0.517188 0.375 0.0625 0.144444
1 0.658594 0.419444 0.067187 0.144444
1 0.774219 0.523611 0.107813 0.225
1 0.75625 0.359722 0.05 0.119444
1 0.720313 0.358333 0.025 0.072222
1 0.807813 0.338889 0.04375 0.083333
1 0.90625 0.404167 0.0625 0.141667