1 0.78 0.22905 0.304 0.430168
1 0.457 0.49162 0.094 0.145251
1 0.291 0.581006 0.118 0.189944
1 0.116 0.448324 0.084 0.120112
1 0.028 0.385475 0.052 0.100559
1 0.071 0.314246 0.054 0.075419
1 0.149 0.333799 0.058 0.081006
1 0.188 0.315642 0.044 0.078212
1 0.274 0.396648 0.064 0.106145
1 0.274 0.332402 0.044 0.078212
1 0.26 0.294693 0.04 0.058659
1 0.36 0.314246 0.044 0.069832
1 0.375 0.386872 0.062 0.097765
1 0.368 0.259777 0.032 0.050279
1 0.413 0.27933 0.034 0.061453
1 0.444 0.259777 0.028 0.055866
1 0.487 0.364525 0.05 0.081006
1 0.498 0.27095 0.036 0.061453
1 0.602 0.284916 0.036 0.067039