1 0.523 0.706325 0.162 0.256024
1 0.311 0.483434 0.066 0.141566
1 0.493 0.468373 0.058 0.123494
1 0.64 0.445783 0.052 0.108434
1 0.783 0.667169 0.122 0.213855
1 0.777 0.501506 0.082 0.129518
1 0.891 0.489458 0.086 0.165663
1 0.978 0.421687 0.044 0.108434
1 0.93 0.364458 0.032 0.066265
1 0.914 0.313253 0.02 0.042169
1 0.88 0.328313 0.028 0.054217
1 0.849 0.346386 0.03 0.066265
1 0.745 0.384036 0.042 0.075301
1 0.765 0.338855 0.03 0.057229
1 0.837 0.319277 0.03 0.048193
1 0.676 0.341867 0.04 0.075301
1 0.624 0.298193 0.024 0.036145
1 0.593 0.302711 0.018 0.033133
1 0.556 0.293675 0.02 0.033133
1 0.546 0.308735 0.02 0.033133
1 0.499 0.299699 0.022 0.039157
1 0.454 0.338855 0.028 0.045181
1 0.483 0.376506 0.042 0.060241
1 0.391 0.331325 0.026 0.048193
1 0.337 0.338855 0.034 0.057229
1 0.308 0.251506 0.024 0.033133
1 0.299 0.362952 0.038 0.057229
1 0.25 0.376506 0.048 0.078313
1 0.248 0.323795 0.028 0.039157
1 0.209 0.378012 0.042 0.069277
1 0.118 0.387048 0.052 0.075301
1 0.051 0.38253 0.034 0.066265
1 0.741 0.245482 0.01 0.021084