1 0.193636 0.533929 0.045455 0.117857
1 0.299091 0.55 0.06 0.128571
1 0.262727 0.498214 0.045455 0.103571
1 0.34 0.4875 0.036364 0.082143
1 0.39 0.530357 0.045455 0.110714
1 0.419091 0.292857 0.049091 0.092857
1 0.480909 0.435714 0.038182 0.071429
1 0.686364 0.310714 0.034545 0.064286
1 0.624545 0.683929 0.089091 0.189286
1 0.724545 0.641071 0.074545 0.175
1 0.859091 0.760714 0.136364 0.3
1 0.859091 0.558929 0.056364 0.117857
1 0.849091 0.466071 0.050909 0.110714
1 0.808182 0.475 0.041818 0.092857
1 0.764545 0.4375 0.038182 0.075
1 0.756364 0.533929 0.043636 0.110714
1 0.716364 0.45 0.036364 0.071429
1 0.913636 0.430357 0.056364 0.082143
1 0.9 0.4875 0.032727 0.082143
1 0.963636 0.492857 0.054545 0.121429