1 0.459 0.341333 0.034 0.053333
1 0.882 0.396 0.072 0.098667
1 0.958 0.662667 0.084 0.146667
1 0.7 0.7 0.088 0.141333
1 0.635 0.889333 0.162 0.2
1 0.69 0.578667 0.076 0.101333
1 0.717 0.528 0.05 0.058667
1 0.742 0.481333 0.04 0.061333
1 0.821 0.478667 0.042 0.066667
1 0.813 0.422667 0.046 0.050667
1 0.49 0.48 0.044 0.064
1 0.448 0.504 0.036 0.048
1 0.423 0.477333 0.034 0.048
1 0.362 0.542667 0.056 0.077333
1 0.355 0.492 0.046 0.056
1 0.266 0.609333 0.072 0.093333
1 0.263 0.518667 0.05 0.077333
1 0.191 0.485333 0.046 0.048
1 0.17 0.681333 0.096 0.130667
1 0.141 0.570667 0.074 0.090667
1 0.127 0.465333 0.046 0.050667
1 0.107 0.492 0.042 0.056
1 0.024 0.5 0.032 0.056