1 0.151875 0.569167 0.07875 0.115
1 0.133125 0.495 0.05375 0.08
1 0.071875 0.450833 0.03625 0.061667
1 0.045 0.435833 0.0425 0.065
1 0.011875 0.386667 0.02125 0.04
1 0.08125 0.365 0.0175 0.023333
1 0.098125 0.359167 0.01625 0.028333
1 0.096875 0.414167 0.02875 0.045
1 0.12625 0.421667 0.035 0.046667
1 0.175625 0.453333 0.04375 0.073333
1 0.165625 0.346667 0.02625 0.043333
1 0.130625 0.358333 0.01625 0.023333
1 0.204375 0.378333 0.02125 0.03
1 0.231875 0.435833 0.03375 0.051667
1 0.23125 0.501667 0.0425 0.063333
1 0.3075 0.554167 0.0725 0.105
1 0.325 0.488333 0.0375 0.06
1 0.256875 0.406667 0.01875 0.033333
1 0.27125 0.415833 0.025 0.035
1 0.303125 0.405 0.01875 0.036667
1 0.306875 0.385 0.01625 0.023333
1 0.33625 0.413333 0.0225 0.036667
1 0.331875 0.374167 0.01375 0.021667
1 0.365 0.440833 0.0275 0.045
1 0.42125 0.516667 0.045 0.07
1 0.5275 0.534167 0.0475 0.085
1 0.3625 0.375 0.015 0.03
1 0.408125 0.3825 0.01375 0.018333
1 0.421875 0.399167 0.01625 0.028333
1 0.4075 0.420833 0.025 0.035
1 0.423125 0.435 0.03125 0.04
1 0.454375 0.420833 0.01875 0.031667
1 0.45875 0.389167 0.0125 0.018333
1 0.488125 0.386667 0.01375 0.023333
1 0.499375 0.3975 0.01875 0.025
1 0.531875 0.434167 0.02875 0.041667
1 0.505625 0.44 0.02375 0.043333
1 0.485625 0.440833 0.02625 0.048333
1 0.465 0.435833 0.02 0.031667
1 0.55125 0.385 0.0125 0.026667
1 0.555 0.400833 0.015 0.025
1 0.568125 0.405 0.01625 0.03
1 0.581875 0.42 0.02125 0.036667
1 0.593125 0.396667 0.01625 0.026667
1 0.551875 0.423333 0.01875 0.026667
1 0.540625 0.473333 0.03375 0.053333
1 0.60125 0.478333 0.03 0.053333
1 0.62625 0.479167 0.035 0.065
1 0.6225 0.436667 0.0275 0.036667
1 0.648125 0.415 0.02125 0.033333
1 0.673125 0.403333 0.01375 0.026667
1 0.673125 0.4625 0.03125 0.055
1 0.69875 0.4275 0.025 0.045
1 0.72625 0.419167 0.015 0.025
1 0.75125 0.433333 0.02 0.036667
1 0.733125 0.484167 0.03625 0.061667
1 0.77375 0.458333 0.02 0.036667
1 0.7975 0.434167 0.0275 0.038333
1 0.785625 0.415 0.01625 0.026667
1 0.821875 0.439167 0.01875 0.035
1 0.824375 0.419167 0.01625 0.025
1 0.84 0.435 0.0175 0.03
1 0.863125 0.458333 0.02125 0.04
1 0.79875 0.5025 0.0425 0.068333
1 0.83125 0.496667 0.035 0.07
1 0.8875 0.4875 0.0375 0.058333
1 0.8925 0.4525 0.0275 0.041667
1 0.9175 0.49 0.025 0.06
1 0.944375 0.486667 0.02625 0.06
1 0.934375 0.434167 0.01625 0.028333
1 0.945 0.4325 0.015 0.028333