1 0.057188 0.074583 0.044375 0.054167
1 0.114062 0.087083 0.041875 0.069167
1 0.139687 0.087917 0.041875 0.059167
1 0.177187 0.09 0.044375 0.07
1 0.2625 0.203333 0.06375 0.081667
1 0.366875 0.06 0.0425 0.075
1 0.4425 0.132917 0.15625 0.264167
1 0.5125 0.172083 0.0525 0.114167
1 0.5475 0.13125 0.04125 0.0625
1 0.565312 0.112917 0.036875 0.0725
1 0.7025 0.12 0.12125 0.221667
1 0.815625 0.1675 0.07625 0.113333
1 0.813438 0.07875 0.053125 0.064167
1 0.867812 0.288333 0.154375 0.283333
1 0.91625 0.10625 0.0525 0.079167
1 0.960625 0.148333 0.07 0.086667