1 0.1575 0.265399 0.0725 0.117754
1 0.090625 0.197464 0.06875 0.108696
1 0.248125 0.60779 0.04875 0.096014
1 0.226875 0.566123 0.05875 0.077899
1 0.2575 0.530797 0.0525 0.09058
1 0.23125 0.468297 0.0525 0.088768
1 0.345625 0.446558 0.04875 0.085145
1 0.37 0.157609 0.055 0.083333
1 0.42875 0.453804 0.0475 0.096014
1 0.515 0.188406 0.045 0.07971
1 0.59125 0.480072 0.0525 0.094203
1 0.594375 0.326087 0.05875 0.094203
1 0.75 0.226449 0.0625 0.097826
1 0.75375 0.119565 0.075 0.108696
1 0.8225 0.152174 0.08 0.108696
1 0.9175 0.563406 0.0775 0.123188