1 0.25 0.237201 0.021336 0.037543
1 0.312152 0.21843 0.021336 0.040956
1 0.326531 0.240614 0.020408 0.040956
1 0.32885 0.182594 0.01577 0.037543
1 0.343228 0.174915 0.018553 0.046075
1 0.357607 0.233788 0.025046 0.044369
1 0.386827 0.268771 0.024119 0.046075
1 0.381725 0.232935 0.023191 0.035836
1 0.393321 0.187713 0.020408 0.037543
1 0.37616 0.162116 0.017625 0.037543
1 0.37987 0.150171 0.013915 0.027304
1 0.420686 0.15273 0.019481 0.039249
1 0.438312 0.151024 0.019481 0.035836
1 0.451763 0.194539 0.022263 0.044369
1 0.467996 0.206485 0.021336 0.047782
1 0.476345 0.140785 0.017625 0.032423
1 0.470315 0.165529 0.018553 0.03413
1 0.486549 0.1843 0.017625 0.037543
1 0.522263 0.169795 0.022263 0.035836
1 0.478664 0.101536 0.012987 0.02901
1 0.523655 0.127986 0.017625 0.044369
1 0.544527 0.12884 0.022263 0.042662
1 0.557978 0.116894 0.01577 0.032423
1 0.556122 0.086177 0.013915 0.032423
1 0.577922 0.087884 0.014842 0.02901
1 0.59833 0.127133 0.018553 0.035836
1 0.601113 0.099829 0.014842 0.025597
1 0.632189 0.099829 0.01577 0.032423
1 0.641929 0.085324 0.012987 0.027304
1 0.672542 0.093003 0.018553 0.02901
1 0.574675 0.142491 0.021336 0.039249
1 0.502319 0.264505 0.025046 0.05802
1 0.545455 0.211604 0.024119 0.054608
1 0.571429 0.258532 0.027829 0.066553
1 0.600186 0.24744 0.025974 0.054608
1 0.606215 0.324232 0.034323 0.071672
1 0.648423 0.238908 0.025974 0.05802
1 0.620594 0.15785 0.018553 0.042662
1 0.653061 0.167235 0.020408 0.044369
1 0.69295 0.156997 0.018553 0.040956
1 0.68692 0.124573 0.017625 0.037543
1 0.70269 0.113481 0.017625 0.039249
1 0.715677 0.148464 0.017625 0.040956
1 0.705473 0.28157 0.028757 0.054608
1 0.705009 0.225256 0.029685 0.051195
1 0.752783 0.203925 0.025046 0.056314
1 0.745362 0.290102 0.028757 0.05802
1 0.833488 0.276451 0.026902 0.064846
1 0.836735 0.238908 0.020408 0.047782
1 0.833488 0.183447 0.021336 0.042662
1 0.798701 0.154437 0.018553 0.046075
1 0.77551 0.1843 0.016698 0.044369
1 0.737477 0.159556 0.018553 0.032423
1 0.725417 0.098123 0.014842 0.032423
1 0.736549 0.132253 0.020408 0.02901
1 0.75603 0.103242 0.014842 0.032423
1 0.770408 0.122867 0.013915 0.030717
1 0.817254 0.104096 0.016698 0.03413
1 0.837662 0.12628 0.014842 0.037543
1 0.877551 0.156143 0.018553 0.039249
1 0.906308 0.244881 0.024119 0.056314
1 0.899814 0.19198 0.016698 0.046075
1 0.879406 0.132253 0.016698 0.035836