1 0.130739 0.471581 0.057884 0.104796
1 0.313872 0.226465 0.016966 0.047957
1 0.313872 0.20071 0.012974 0.028419
1 0.349301 0.195382 0.013972 0.031972
1 0.411677 0.193606 0.016966 0.039076
1 0.447106 0.203375 0.015968 0.0373
1 0.447106 0.169627 0.013972 0.026643
1 0.476547 0.216696 0.018962 0.046181
1 0.480539 0.187389 0.016966 0.033748
1 0.531936 0.199822 0.017964 0.0373
1 0.562375 0.153641 0.01497 0.033748
1 0.583333 0.15897 0.016966 0.033748
1 0.615269 0.09325 0.010978 0.026643
1 0.687625 0.117229 0.011976 0.031972
1 0.700599 0.112789 0.011976 0.026643
1 0.513972 0.294849 0.01996 0.053286
1 0.583832 0.230906 0.01996 0.042629
1 0.590818 0.28508 0.017964 0.05151
1 0.607285 0.284192 0.026946 0.067496
1 0.626747 0.27087 0.025948 0.058615
1 0.679142 0.237123 0.020958 0.040853
1 0.689621 0.324156 0.033932 0.072824
1 0.675649 0.206039 0.01996 0.042629
1 0.677146 0.167851 0.01497 0.033748
1 0.707086 0.186501 0.016966 0.046181
1 0.722555 0.221137 0.01996 0.044405
1 0.726048 0.353464 0.02495 0.063943
1 0.743513 0.169627 0.011976 0.0373
1 0.762974 0.142984 0.012974 0.033748
1 0.78493 0.128774 0.010978 0.023091
1 0.787924 0.169627 0.01497 0.044405
1 0.802395 0.190941 0.013972 0.0373
1 0.82984 0.173179 0.012974 0.030195
1 0.842814 0.146536 0.012974 0.033748
1 0.842814 0.182948 0.01497 0.042629
1 0.868762 0.179396 0.012974 0.031972
1 0.905689 0.157194 0.012974 0.0373
1 0.941617 0.167851 0.01497 0.030195
1 0.839321 0.231794 0.017964 0.040853
1 0.808882 0.259325 0.018962 0.046181
1 0.81487 0.280639 0.018962 0.046181
1 0.816866 0.348135 0.026946 0.060391
1 0.847305 0.319716 0.023952 0.060391
1 0.904192 0.415631 0.025948 0.0746
1 0.921158 0.325933 0.01996 0.05151
1 0.91018 0.301954 0.023952 0.046181
1 0.868263 0.288632 0.021956 0.033748
1 0.889721 0.224689 0.016966 0.05151
1 0.93014 0.240675 0.017964 0.047957
1 0.947106 0.201599 0.013972 0.030195
1 0.924651 0.159858 0.010978 0.031972
1 0.881238 0.142984 0.011976 0.030195
1 0.878244 0.160746 0.011976 0.033748
1 0.817365 0.183837 0.015968 0.047957
1 0.630739 0.218472 0.01996 0.042629
1 0.419162 0.148313 0.011976 0.019538
1 0.419162 0.167851 0.013972 0.030195
1 0.474551 0.147425 0.010978 0.028419
1 0.496008 0.14476 0.011976 0.030195
1 0.518962 0.151865 0.013972 0.033748
1 0.536427 0.129663 0.010978 0.028419
1 0.59481 0.102131 0.00998 0.023091
1 0.588822 0.142984 0.015968 0.030195
1 0.632236 0.095915 0.008982 0.021314
1 0.636727 0.120782 0.00998 0.028419
1 0.632735 0.137655 0.011976 0.030195
1 0.655689 0.129663 0.011976 0.028419
1 0.550399 0.154529 0.010978 0.028419