1 0.544376 0.309963 0.042312 0.077491
1 0.389061 0.158672 0.014448 0.03321
1 0.415377 0.158672 0.011352 0.03321
1 0.426213 0.166052 0.014448 0.02583
1 0.444272 0.175277 0.01548 0.02952
1 0.430341 0.137454 0.012384 0.027675
1 0.452012 0.140221 0.012384 0.02952
1 0.47162 0.154982 0.014448 0.02952
1 0.477296 0.185424 0.01548 0.027675
1 0.504644 0.176199 0.016512 0.035055
1 0.482972 0.138376 0.012384 0.02583
1 0.463364 0.132841 0.01032 0.02583
1 0.495872 0.124539 0.011352 0.023985
1 0.528896 0.122694 0.013416 0.031365
1 0.545924 0.137454 0.012384 0.035055
1 0.578431 0.134686 0.013416 0.03321
1 0.603715 0.147601 0.012384 0.02583
1 0.635191 0.113469 0.011352 0.027675
1 0.666667 0.112546 0.014448 0.02583
1 0.632095 0.201107 0.019608 0.04428
1 0.671311 0.184502 0.013416 0.0369
1 0.711558 0.2131 0.017544 0.046125
1 0.866873 0.276753 0.016512 0.04428
1 0.932405 0.226015 0.013416 0.035055
1 0.94066 0.196494 0.013416 0.035055
1 0.912797 0.159594 0.01548 0.038745
1 0.936533 0.162362 0.013416 0.02583
1 0.826625 0.169742 0.014448 0.03321
1 0.798246 0.158672 0.011352 0.03321
1 0.80805 0.140221 0.014448 0.03321
1 0.796182 0.202952 0.01548 0.0369
1 0.77193 0.168819 0.014448 0.035055
1 0.77451 0.133764 0.013416 0.031365
1 0.76161 0.123616 0.01032 0.02583
1 0.734778 0.173432 0.016512 0.03321
1 0.731166 0.139299 0.013416 0.027675
1 0.703302 0.175277 0.01548 0.02583
1 0.698658 0.152214 0.012384 0.020295