1 0.094 0.299363 0.052 0.082803
1 0.328 0.390127 0.052 0.073248
1 0.299 0.707006 0.09 0.140127
1 0.544 0.681529 0.1 0.140127
1 0.937 0.616242 0.082 0.117834
1 0.853 0.461783 0.07 0.101911
1 0.729 0.390127 0.046 0.079618
1 0.602 0.367834 0.048 0.079618
1 0.604 0.248408 0.028 0.038217
1 0.533 0.254777 0.03 0.044586
1 0.482 0.280255 0.036 0.050955
1 0.474 0.39172 0.06 0.095541
1 0.412 0.288217 0.028 0.05414
1 0.401 0.167197 0.026 0.041401
1 0.463 0.184713 0.026 0.044586
1 0.704 0.292994 0.028 0.050955
1 0.829 0.207006 0.018 0.025478
1 0.967 0.175159 0.018 0.031847
1 0.964 0.214968 0.024 0.041401