1 0.073333 0.754444 0.066667 0.1
1 0.091667 0.871111 0.083333 0.102222
1 0.185 0.817778 0.073333 0.111111
1 0.174167 0.735556 0.065 0.084444
1 0.275833 0.8 0.065 0.08
1 0.260833 0.776667 0.061667 0.091111
1 0.320833 0.901111 0.128333 0.153333
1 0.421667 0.854444 0.083333 0.108889
1 0.365 0.781111 0.053333 0.1
1 0.56 0.877778 0.063333 0.088889
1 0.611667 0.853333 0.07 0.106667
1 0.648333 0.802222 0.053333 0.08
1 0.679167 0.777778 0.045 0.062222
1 0.713333 0.846667 0.086667 0.12
1 0.745 0.781111 0.056667 0.077778
1 0.800833 0.841111 0.071667 0.108889
1 0.8525 0.842222 0.065 0.106667
1 0.858333 0.771111 0.056667 0.08
1 0.9075 0.804444 0.051667 0.08
1 0.720833 0.58 0.048333 0.08