1 0.032 0.777333 0.06 0.152
1 0.332 0.84 0.128 0.165333
1 0.309 0.584 0.066 0.106667
1 0.473 0.596 0.074 0.093333
1 0.451 0.490667 0.042 0.074667
1 0.465 0.3 0.038 0.050667
1 0.515 0.456 0.034 0.048
1 0.544 0.422667 0.032 0.04
1 0.581 0.402667 0.022 0.032
1 0.593 0.512 0.046 0.074667
1 0.61 0.466667 0.04 0.064
1 0.632 0.418667 0.028 0.042667
1 0.667 0.416 0.022 0.037333
1 0.734 0.430667 0.032 0.050667
1 0.754 0.418667 0.024 0.042667
1 0.74 0.486667 0.044 0.045333
1 0.73 0.518667 0.044 0.061333
1 0.695 0.662667 0.074 0.12
1 0.679 0.906667 0.134 0.186667
1 0.935 0.688 0.098 0.133333
1 0.883 0.548 0.054 0.077333
1 0.862 0.493333 0.04 0.058667
1 0.844 0.450667 0.036 0.053333
1 0.847 0.42 0.034 0.045333
1 0.338 0.374667 0.024 0.034667
1 0.3 0.388 0.028 0.04
1 0.274 0.382667 0.028 0.04
1 0.221 0.389333 0.03 0.037333
1 0.185 0.421333 0.038 0.048
1 0.157 0.376 0.03 0.042667
1 0.172 0.353333 0.024 0.034667
1 0.127 0.392 0.03 0.042667
1 0.103 0.365333 0.03 0.042667
1 0.089 0.426667 0.042 0.053333
1 0.036 0.393333 0.036 0.050667