1 0.066 0.444444 0.036 0.06006
1 0.101 0.427928 0.042 0.069069
1 0.128 0.399399 0.052 0.084084
1 0.164 0.43994 0.052 0.081081
1 0.206 0.441441 0.06 0.102102
1 0.172 0.352853 0.04 0.063063
1 0.135 0.295796 0.042 0.057057
1 0.093 0.258258 0.038 0.054054
1 0.083 0.207207 0.03 0.048048
1 0.07 0.162162 0.032 0.048048
1 0.049 0.016517 0.03 0.027027
1 0.014 0.036036 0.024 0.042042
1 0.127 0.108108 0.034 0.054054
1 0.168 0.165165 0.028 0.048048
1 0.19 0.205706 0.028 0.057057
1 0.211 0.261261 0.034 0.06006
1 0.242 0.277778 0.032 0.063063
1 0.255 0.358859 0.034 0.069069
1 0.304 0.291291 0.032 0.048048
1 0.297 0.21021 0.038 0.06006
1 0.236 0.172673 0.032 0.051051
1 0.208 0.027027 0.028 0.042042
1 0.317 0.165165 0.034 0.048048
1 0.356 0.231231 0.092 0.162162
1 0.393 0.162162 0.038 0.072072
1 0.442 0.136637 0.032 0.057057
1 0.471 0.232733 0.034 0.057057
1 0.437 0.312312 0.034 0.066066
1 0.467 0.355856 0.042 0.081081
1 0.517 0.405405 0.05 0.096096
1 0.549 0.426426 0.046 0.09009
1 0.746 0.74024 0.084 0.153153
1 0.794 0.642643 0.12 0.216216
1 0.91 0.695195 0.148 0.213213
1 0.626 0.522523 0.064 0.108108
1 0.611 0.462462 0.054 0.09009
1 0.589 0.429429 0.054 0.09009
1 0.573 0.358859 0.038 0.069069
1 0.526 0.304805 0.036 0.057057
1 0.479 0.204204 0.026 0.042042
1 0.474 0.183183 0.032 0.042042
1 0.479 0.031532 0.03 0.045045
1 0.526 0.052553 0.032 0.045045
1 0.561 0.043544 0.03 0.051051
1 0.55 0.115616 0.024 0.045045
1 0.554 0.157658 0.028 0.051051
1 0.557 0.21021 0.03 0.054054
1 0.573 0.256757 0.038 0.069069
1 0.614 0.307808 0.032 0.063063
1 0.641 0.385886 0.046 0.075075
1 0.621 0.364865 0.038 0.063063
1 0.684 0.375375 0.04 0.072072
1 0.728 0.408408 0.052 0.084084
1 0.709 0.432432 0.038 0.06006
1 0.708 0.312312 0.036 0.054054
1 0.668 0.247748 0.032 0.057057
1 0.651 0.205706 0.026 0.045045
1 0.644 0.162162 0.032 0.054054
1 0.607 0.153153 0.03 0.054054
1 0.663 0.054054 0.026 0.042042
1 0.683 0.142643 0.026 0.051051
1 0.73 0.162162 0.036 0.06006
1 0.744 0.127628 0.036 0.051051
1 0.752 0.031532 0.024 0.039039
1 0.773 0.022523 0.026 0.039039
1 0.754 0.202703 0.032 0.057057
1 0.746 0.264264 0.036 0.066066
1 0.767 0.354354 0.038 0.066066
1 0.796 0.31982 0.036 0.075075
1 0.787 0.421922 0.05 0.099099
1 0.818 0.444444 0.044 0.084084
1 0.803 0.524024 0.078 0.105105
1 0.87 0.486486 0.068 0.144144
1 0.925 0.515015 0.086 0.141141
1 0.934 0.393393 0.052 0.072072
1 0.965 0.354354 0.046 0.078078
1 0.916 0.304805 0.032 0.069069
1 0.924 0.250751 0.036 0.069069
1 0.91 0.18018 0.044 0.072072
1 0.958 0.214715 0.032 0.057057
1 0.983 0.186186 0.026 0.048048
1 0.963 0.133634 0.026 0.051051
1 0.951 0.051051 0.022 0.048048
1 0.877 0.343844 0.046 0.069069
1 0.864 0.406907 0.056 0.069069
1 0.853 0.366366 0.038 0.054054
1 0.823 0.271772 0.038 0.069069
1 0.836 0.202703 0.036 0.063063
1 0.828 0.163664 0.036 0.057057