1 0.350097 0.214646 0.019342 0.02862
1 0.40764 0.244949 0.022244 0.038721
1 0.452128 0.228114 0.022244 0.038721
1 0.510638 0.219697 0.021277 0.038721
1 0.526596 0.199495 0.012573 0.031987
1 0.547389 0.199495 0.01354 0.031987
1 0.605416 0.159091 0.01354 0.035354
1 0.636364 0.147306 0.01354 0.02862
1 0.675048 0.19697 0.015474 0.030303
1 0.720503 0.198653 0.019342 0.03367
1 0.653288 0.260943 0.026112 0.037037
1 0.736944 0.302189 0.027079 0.052189
1 0.861219 0.340909 0.028046 0.055556
1 0.887331 0.284512 0.020309 0.047138
1 0.851064 0.234848 0.017408 0.038721
1 0.859284 0.204545 0.016441 0.031987
1 0.908124 0.228114 0.011605 0.042088
1 0.931335 0.255892 0.015474 0.050505
1 0.96325 0.25 0.021277 0.035354