1 0.114 0.460961 0.038 0.072072
1 0.187 0.546547 0.04 0.066066
1 0.173 0.444444 0.032 0.057057
1 0.277 0.521772 0.03 0.04955
1 0.3295 0.538288 0.041 0.070571
1 0.293 0.418919 0.034 0.054054
1 0.383 0.438438 0.034 0.057057
1 0.4535 0.443694 0.043 0.064565
1 0.525 0.442192 0.032 0.061562
1 0.504 0.541291 0.038 0.070571
1 0.604 0.536036 0.036 0.063063
1 0.6005 0.436937 0.029 0.057057
1 0.689 0.418919 0.032 0.06006
1 0.7095 0.548799 0.045 0.091592
1 0.818 0.545045 0.042 0.075075
1 0.793 0.456456 0.042 0.066066
1 0.9125 0.46997 0.051 0.078078