1 0.066667 0.525 0.033333 0.05
1 0.058333 0.48 0.026667 0.045
1 0.1025 0.34 0.031667 0.05
1 0.1375 0.4775 0.031667 0.055
1 0.18 0.46 0.033333 0.05
1 0.190833 0.4375 0.025 0.04
1 0.1975 0.50125 0.035 0.0525
1 0.225833 0.42375 0.025 0.0375
1 0.245 0.47375 0.026667 0.0575
1 0.275 0.4825 0.03 0.05
1 0.3075 0.55625 0.051667 0.0775
1 0.3275 0.5125 0.038333 0.075
1 0.318333 0.45 0.033333 0.04
1 0.311667 0.35 0.023333 0.035
1 0.39 0.47625 0.03 0.0525
1 0.379167 0.4375 0.025 0.04
1 0.3975 0.43875 0.021667 0.0475
1 0.46 0.43125 0.023333 0.0375
1 0.466667 0.45125 0.026667 0.0475
1 0.47 0.49625 0.043333 0.0625
1 0.495 0.545 0.06 0.09
1 0.51 0.43375 0.023333 0.0325
1 0.5025 0.415 0.018333 0.025
1 0.563333 0.43125 0.02 0.0375
1 0.5825 0.51125 0.048333 0.0825
1 0.581667 0.3575 0.026667 0.035
1 0.609167 0.4125 0.025 0.04
1 0.656667 0.43125 0.026667 0.0425
1 0.685833 0.335 0.021667 0.04
1 0.72 0.4925 0.04 0.075
1 0.706667 0.4675 0.033333 0.055
1 0.761667 0.46375 0.03 0.0575
1 0.7975 0.48625 0.035 0.0575
1 0.84 0.465 0.03 0.06
1 0.853333 0.43625 0.02 0.0425
1 0.915 0.4525 0.033333 0.055
1 0.951667 0.43875 0.03 0.0525