1 0.303125 0.235 0.1125 0.195
1 0.191406 0.155 0.054688 0.1
1 0.167969 0.08125 0.042188 0.0575
1 0.045312 0.10625 0.040625 0.0625
1 0.249219 0.0875 0.060937 0.085
1 0.342969 0.06125 0.042188 0.0775
1 0.334375 0.02875 0.034375 0.0475
1 0.435937 0.0725 0.05 0.07
1 0.583594 0.245 0.173437 0.365
1 0.492969 0.215 0.135937 0.265
1 0.827344 0.3025 0.279687 0.43
1 0.828906 0.0425 0.051562 0.08
1 0.889062 0.03875 0.046875 0.0725
1 0.678125 0.04625 0.053125 0.0875
1 0.611719 0.04625 0.064062 0.0875
1 0.497656 0.04 0.035937 0.055
1 0.471094 0.03 0.029687 0.055
1 0.272656 0.11625 0.054688 0.0875
1 0.1375 0.07 0.025 0.05