1 0.193125 0.373884 0.09875 0.194196
1 0.39 0.366071 0.0825 0.147321
1 0.5475 0.331473 0.0825 0.158482
1 0.635 0.375 0.085 0.174107
1 0.743125 0.43192 0.10375 0.203125
1 0.53875 0.186384 0.03 0.051339
1 0.576875 0.166295 0.02875 0.069196
1 0.471875 0.1875 0.01125 0.03125
1 0.4575 0.190848 0.015 0.033482
1 0.433125 0.180804 0.01875 0.040179
1 0.39625 0.164062 0.0275 0.051339
1 0.34625 0.270089 0.0325 0.053571
1 0.323125 0.185268 0.02375 0.044643
1 0.28875 0.198661 0.025 0.053571
1 0.223125 0.171875 0.05125 0.075893
1 0.155 0.152902 0.0375 0.073661
1 0.0975 0.174107 0.0525 0.071429
1 0.029375 0.206473 0.03125 0.051339