1 0.102344 0.35 0.114062 0.177083
1 0.174609 0.261458 0.055469 0.0875
1 0.244531 0.281771 0.0625 0.096875
1 0.352344 0.2375 0.039062 0.06875
1 0.401953 0.410417 0.135156 0.20625
1 0.451562 0.261979 0.04375 0.078125
1 0.515625 0.280208 0.078125 0.11875
1 0.566797 0.330208 0.074219 0.120833
1 0.642188 0.441146 0.15 0.228125
1 0.620703 0.250521 0.036719 0.061458
1 0.673438 0.257292 0.051562 0.077083
1 0.755078 0.3 0.086719 0.139583
1 0.839063 0.295833 0.051562 0.09375
1 0.964063 0.266146 0.05625 0.103125
1 0.949219 0.561458 0.101562 0.2375