1 0.104249 0.544321 0.051141 0.102493
1 0.216365 0.350416 0.014162 0.033241
1 0.255704 0.34626 0.015736 0.041551
1 0.285208 0.308172 0.014949 0.034626
1 0.281668 0.364266 0.017309 0.044321
1 0.327695 0.363573 0.02439 0.048476
1 0.352478 0.297091 0.017309 0.034626
1 0.386703 0.256925 0.010228 0.029086
1 0.353265 0.32964 0.015736 0.030471
1 0.378049 0.333102 0.014949 0.040166
1 0.400865 0.301939 0.018096 0.030471
1 0.407946 0.33241 0.016522 0.036011
1 0.43037 0.306094 0.018883 0.033241
1 0.434697 0.342798 0.021243 0.031856
1 0.421322 0.25831 0.011802 0.023546
1 0.442565 0.251385 0.011802 0.020776
1 0.45712 0.240305 0.011015 0.026316
1 0.458301 0.315097 0.016522 0.023546
1 0.494493 0.254848 0.010228 0.027701
1 0.504327 0.240997 0.014162 0.027701
1 0.552714 0.220222 0.010228 0.024931
1 0.525177 0.260388 0.016522 0.033241
1 0.504721 0.310942 0.018096 0.031856
1 0.452793 0.405817 0.027537 0.041551
1 0.532258 0.398892 0.02439 0.049861
1 0.538946 0.300554 0.014162 0.033241
1 0.561762 0.252078 0.012589 0.027701
1 0.597954 0.212604 0.011015 0.023546
1 0.614083 0.212604 0.011802 0.026316
1 0.622345 0.257618 0.014162 0.030471
1 0.571991 0.248615 0.012589 0.023546
1 0.583792 0.328255 0.020456 0.036011
1 0.593234 0.42313 0.026751 0.054017
1 0.632573 0.333795 0.018883 0.030471
1 0.619197 0.297091 0.014162 0.031856
1 0.643588 0.222299 0.014162 0.023546
1 0.649882 0.234072 0.012589 0.027701
1 0.664831 0.23338 0.014162 0.029086
1 0.651456 0.272853 0.017309 0.027701
1 0.691188 0.252078 0.013375 0.033241
1 0.670732 0.345568 0.01967 0.042936
1 0.641227 0.386427 0.025177 0.060942
1 0.648308 0.436288 0.023603 0.058172
1 0.688828 0.514543 0.033832 0.073407
1 0.717545 0.392659 0.023603 0.054017
1 0.710464 0.268006 0.014162 0.031856
1 0.72738 0.23338 0.013375 0.029086
1 0.747443 0.279086 0.011015 0.026316
1 0.754524 0.264543 0.014162 0.030471
1 0.755704 0.23892 0.013375 0.031856
1 0.783635 0.247922 0.011015 0.036011
1 0.794256 0.305402 0.013375 0.040166
1 0.814319 0.257618 0.012589 0.027701
1 0.846184 0.254848 0.011802 0.024931
1 0.833989 0.274931 0.014162 0.034626
1 0.829268 0.309557 0.012589 0.031856
1 0.788356 0.360803 0.018883 0.051247
1 0.758458 0.41482 0.02203 0.054017
1 0.804091 0.49723 0.031471 0.069252
1 0.817467 0.436288 0.02203 0.052632
1 0.832022 0.387119 0.014949 0.045706
1 0.844611 0.34626 0.018096 0.041551
1 0.865067 0.336565 0.014949 0.041551
1 0.867427 0.283934 0.013375 0.033241
1 0.907553 0.270776 0.011802 0.023546
1 0.877655 0.448061 0.022817 0.059557
1 0.887097 0.393352 0.016522 0.041551
1 0.898112 0.362188 0.016522 0.031856
1 0.897718 0.333102 0.014162 0.020776
1 0.703383 0.290166 0.011015 0.034626
1 0.456727 0.277701 0.016522 0.026316
1 0.562156 0.210526 0.011802 0.024931
1 0.90598 0.308864 0.008655 0.027701
1 0.892604 0.314404 0.013375 0.027701
1 0.52321 0.369114 0.02203 0.048476
1 0.586939 0.228532 0.012589 0.022161
1 0.719119 0.25277 0.014162 0.037396