1 0.092 0.481982 0.084 0.135135
1 0.125 0.426426 0.066 0.108108
1 0.161 0.381381 0.054 0.096096
1 0.128 0.340841 0.052 0.093093
1 0.237 0.384384 0.054 0.09009
1 0.263 0.36036 0.042 0.072072
1 0.248 0.322823 0.032 0.057057
1 0.204 0.545045 0.104 0.171171
1 0.321 0.456456 0.046 0.102102
1 0.368 0.477477 0.08 0.144144
1 0.412 0.569069 0.104 0.171171
1 0.369 0.295796 0.034 0.057057
1 0.481 0.286787 0.106 0.189189
1 0.655 0.795796 0.15 0.294294
1 0.734 0.45045 0.048 0.108108
1 0.726 0.370871 0.048 0.069069
1 0.76 0.342342 0.036 0.066066
1 0.826 0.309309 0.04 0.066066
1 0.892 0.460961 0.076 0.153153
1 0.905 0.384384 0.038 0.06006