1 0.25875 0.506667 0.065 0.09
1 0.51625 0.495833 0.0675 0.088333
1 0.796875 0.5 0.05875 0.1
1 0.1175 0.770833 0.075 0.101667
1 0.1425 0.918333 0.1225 0.15
1 0.243125 0.926667 0.14875 0.146667
1 0.203125 0.829167 0.08125 0.085
1 0.300625 0.811667 0.08125 0.103333
1 0.386875 0.836667 0.08375 0.12
1 0.439375 0.910833 0.10875 0.165
1 0.536875 0.8975 0.08625 0.155
1 0.604375 0.919167 0.13375 0.151667
1 0.745625 0.926667 0.15125 0.146667
1 0.81875 0.869167 0.0775 0.108333
1 0.829375 0.803333 0.06875 0.09
1 0.604375 0.816667 0.07375 0.116667
1 0.524375 0.825 0.09375 0.113333
1 0.640625 0.760833 0.07125 0.121667
1 0.8825 0.9375 0.0825 0.108333
1 0.955625 0.923333 0.08875 0.14
1 0.9625 0.845 0.0725 0.116667