1 0.096667 0.601667 0.073333 0.076667
1 0.06 0.551667 0.046667 0.056667
1 0.3 0.63 0.066667 0.08
1 0.298333 0.57 0.056667 0.06
1 0.368333 0.53 0.036667 0.04
1 0.431667 0.581667 0.063333 0.076667
1 0.491667 0.563333 0.043333 0.06
1 0.583333 0.571667 0.046667 0.05
1 0.706667 0.558333 0.06 0.056667
1 0.588333 0.543333 0.036667 0.053333
1 0.361667 0.836667 0.17 0.18
1 0.823333 0.895 0.2 0.21
1 0.816667 0.626667 0.073333 0.08
1 0.893333 0.571667 0.06 0.076667
1 0.928333 0.635 0.076667 0.09
1 0.966667 0.676667 0.066667 0.133333