1 0.085 0.411852 0.067778 0.097778
1 0.155 0.422222 0.056667 0.094815
1 0.192222 0.420741 0.044444 0.077037
1 0.156111 0.348889 0.05 0.078519
1 0.21 0.374815 0.053333 0.082963
1 0.258889 0.362963 0.048889 0.068148
1 0.278889 0.431852 0.053333 0.09037
1 0.337778 0.423704 0.046667 0.082963
1 0.335556 0.361481 0.044444 0.071111
1 0.311111 0.328889 0.04 0.068148
1 0.278333 0.336296 0.045556 0.077037
1 0.372222 0.341481 0.04 0.06963
1 0.39 0.431111 0.044444 0.077037
1 0.455556 0.380741 0.053333 0.071111
1 0.508889 0.445185 0.037778 0.057778
1 0.486111 0.354074 0.032222 0.059259
1 0.413889 0.353333 0.043333 0.066667
1 0.528333 0.34 0.036667 0.078519
1 0.572222 0.358519 0.033333 0.068148
1 0.577778 0.424444 0.037778 0.060741
1 0.632222 0.440741 0.037778 0.06963
1 0.62 0.341481 0.037778 0.063704
1 0.667778 0.355556 0.033333 0.056296
1 0.688333 0.417778 0.036667 0.065185
1 0.712222 0.340741 0.035556 0.065185
1 0.714444 0.400741 0.031111 0.054815
1 0.755 0.405926 0.036667 0.059259
1 0.796111 0.43037 0.036667 0.060741
1 0.826667 0.416296 0.035556 0.053333
1 0.85 0.405185 0.028889 0.057778
1 0.886667 0.415556 0.035556 0.054815