1 0.2435 0.588667 0.101 0.126667
1 0.476 0.56 0.12 0.157333
1 0.7135 0.700667 0.179 0.238667
1 0.6675 0.506 0.065 0.105333
1 0.778 0.457333 0.052 0.072
1 0.8925 0.518 0.085 0.118667
1 0.8145 0.417333 0.033 0.053333
1 0.845 0.399333 0.026 0.041333
1 0.8545 0.380667 0.021 0.030667
1 0.8805 0.386 0.019 0.028
1 0.8985 0.362 0.017 0.028
1 0.9325 0.454667 0.053 0.069333
1 0.9505 0.422 0.037 0.044
1 0.936 0.404667 0.028 0.030667
1 0.926 0.399333 0.022 0.030667
1 0.9385 0.37 0.017 0.025333
1 0.9525 0.386667 0.025 0.029333
1 0.9595 0.360667 0.021 0.030667
1 0.8365 0.371333 0.019 0.025333
1 0.8235 0.384 0.025 0.032
1 0.794 0.388667 0.02 0.036
1 0.7985 0.365333 0.019 0.026667
1 0.7655 0.395333 0.021 0.033333
1 0.7675 0.378667 0.017 0.024
1 0.7675 0.345333 0.017 0.026667
1 0.7435 0.344667 0.015 0.02
1 0.737 0.400667 0.028 0.041333
1 0.7095 0.423333 0.033 0.046667
1 0.651 0.426 0.044 0.054667
1 0.6335 0.402667 0.025 0.037333
1 0.6865 0.388667 0.023 0.036
1 0.7125 0.374 0.015 0.022667
1 0.68 0.370667 0.012 0.018667
1 0.6735 0.370667 0.013 0.018667
1 0.629 0.382 0.012 0.017333
1 0.6075 0.377333 0.015 0.021333
1 0.6155 0.372667 0.011 0.017333
1 0.5855 0.382 0.015 0.022667
1 0.575 0.376 0.016 0.018667
1 0.101 0.466667 0.054 0.058667
1 0.083 0.441333 0.038 0.050667
1 0.044 0.437333 0.04 0.048
1 0.05 0.402667 0.026 0.032
1 0.0795 0.403333 0.025 0.030667
1 0.13 0.393333 0.024 0.032
1 0.186 0.402 0.032 0.038667
1 0.2255 0.402 0.019 0.033333
1 0.2465 0.479333 0.067 0.084
1 0.25 0.415333 0.028 0.041333
1 0.246 0.386 0.022 0.028
1 0.303 0.426667 0.034 0.050667
1 0.285 0.422667 0.024 0.04
1 0.293 0.388667 0.018 0.025333
1 0.3085 0.394 0.023 0.030667
1 0.333 0.401333 0.026 0.032
1 0.3245 0.382 0.015 0.022667
1 0.3585 0.386 0.015 0.022667
1 0.3755 0.397333 0.025 0.032
1 0.412 0.436 0.052 0.077333
1 0.4085 0.385333 0.023 0.029333
1 0.3845 0.380667 0.015 0.02
1 0.4225 0.38 0.013 0.021333
1 0.437 0.396667 0.026 0.038667
1 0.462 0.396667 0.02 0.030667
1 0.479 0.388 0.018 0.029333
1 0.474 0.350667 0.016 0.018667
1 0.5155 0.400667 0.021 0.030667
1 0.5035 0.459333 0.051 0.073333
1 0.556 0.420667 0.032 0.049333
1 0.542 0.384667 0.012 0.022667
1 0.564 0.393333 0.018 0.024
1 0.548 0.372 0.014 0.021333
1 0.514 0.385333 0.016 0.018667
1 0.502 0.379333 0.014 0.022667
1 0.517 0.376 0.01 0.018667