1 0.01269 0.462791 0.023689 0.048062
1 0.236887 0.36124 0.015228 0.034109
1 0.263959 0.397674 0.01692 0.04186
1 0.299492 0.397674 0.01692 0.04186
1 0.299492 0.318605 0.015228 0.03876
1 0.340948 0.376744 0.021997 0.049612
1 0.365905 0.348062 0.014382 0.029457
1 0.396362 0.356589 0.014382 0.031008
1 0.367174 0.310853 0.01692 0.032558
1 0.416667 0.355039 0.014382 0.04031
1 0.401438 0.28062 0.010998 0.021705
1 0.41709 0.284496 0.015228 0.020155
1 0.42132 0.321705 0.015228 0.032558
1 0.446277 0.327132 0.016074 0.021705
1 0.465736 0.370543 0.017766 0.037209
1 0.48731 0.330233 0.011844 0.024806
1 0.519036 0.350388 0.016074 0.031008
1 0.442047 0.255039 0.01269 0.023256
1 0.456853 0.278295 0.013536 0.029457
1 0.489425 0.278295 0.01269 0.026357
1 0.488156 0.250388 0.011844 0.023256
1 0.479695 0.248837 0.010152 0.023256
1 0.522843 0.28062 0.011844 0.034109
1 0.532995 0.293798 0.013536 0.029457
1 0.542724 0.265891 0.01269 0.023256
1 0.562183 0.25969 0.014382 0.032558
1 0.56599 0.304651 0.015228 0.032558
1 0.548223 0.37907 0.021997 0.044961
1 0.475465 0.44031 0.025381 0.046512
1 0.559222 0.446512 0.021997 0.055814
1 0.579103 0.228682 0.010998 0.020155
1 0.593063 0.254264 0.011844 0.018605
1 0.597716 0.278295 0.010998 0.029457
1 0.61802 0.262791 0.010998 0.020155
1 0.619289 0.233333 0.010152 0.026357
1 0.629019 0.217054 0.01269 0.031008
1 0.64467 0.228682 0.013536 0.032558
1 0.657783 0.237209 0.014382 0.024806
1 0.663283 0.264341 0.015228 0.023256
1 0.695431 0.245736 0.013536 0.026357
1 0.68824 0.226357 0.01269 0.027907
1 0.71489 0.233333 0.013536 0.026357
1 0.61379 0.364341 0.019459 0.04031
1 0.609983 0.485271 0.027073 0.071318
1 0.617597 0.421705 0.025381 0.046512
1 0.652284 0.327132 0.01692 0.04031
1 0.697124 0.286822 0.015228 0.037209
1 0.722081 0.264341 0.01269 0.029457
1 0.709814 0.324031 0.018613 0.037209
1 0.66286 0.372868 0.017766 0.032558
1 0.678088 0.402326 0.024535 0.044961
1 0.711083 0.377519 0.021151 0.04186
1 0.658206 0.500775 0.030457 0.062016
1 0.72335 0.531783 0.030457 0.077519
1 0.840525 0.551163 0.027919 0.063566
1 0.796531 0.478295 0.027919 0.054264
1 0.743232 0.44186 0.022843 0.052713
1 0.746193 0.308527 0.013536 0.027907
1 0.754653 0.272868 0.013536 0.027907
1 0.761421 0.248837 0.010152 0.023256
1 0.778342 0.24031 0.01692 0.027907
1 0.782995 0.278295 0.014382 0.029457
1 0.801184 0.303876 0.01692 0.043411
1 0.804992 0.25814 0.010998 0.032558
1 0.819374 0.257364 0.01269 0.027907
1 0.844332 0.284496 0.015228 0.026357
1 0.840525 0.329457 0.014382 0.029457
1 0.834602 0.388372 0.017766 0.044961
1 0.886633 0.405426 0.020305 0.048062
1 0.872673 0.473643 0.022843 0.054264
1 0.939509 0.502326 0.024535 0.058915
1 0.963198 0.388372 0.017766 0.04186
1 0.867597 0.268217 0.010998 0.031008
1 0.876481 0.296124 0.013536 0.027907
1 0.862098 0.362016 0.018613 0.044961
1 0.864213 0.332558 0.01269 0.029457
1 0.904399 0.37907 0.01692 0.044961
1 0.904399 0.331008 0.013536 0.026357
1 0.8989 0.272868 0.010998 0.027907
1 0.924704 0.293798 0.011844 0.035659
1 0.939509 0.352713 0.014382 0.03876
1 0.962775 0.327907 0.011844 0.023256
1 0.949662 0.328682 0.009306 0.024806
1 0.965736 0.296899 0.009306 0.023256