1 0.188281 0.773543 0.151562 0.197309
1 0.261719 0.480942 0.045312 0.069507
1 0.146094 0.526906 0.023438 0.035874
1 0.102344 0.523543 0.029687 0.033632
1 0.016406 0.55157 0.029687 0.049327
1 0.032813 0.542601 0.021875 0.035874
1 0.342969 0.544843 0.051562 0.076233
1 0.369531 0.51009 0.020313 0.033632
1 0.40625 0.549327 0.0375 0.06278
1 0.432031 0.519058 0.023438 0.033632
1 0.450781 0.536996 0.029687 0.033632
1 0.498437 0.602018 0.0625 0.087444
1 0.525 0.54148 0.028125 0.042601
1 0.513281 0.520179 0.020313 0.026906
1 0.496875 0.511211 0.015625 0.022422
1 0.567187 0.520179 0.021875 0.03139
1 0.634375 0.735426 0.1125 0.152466
1 0.686719 0.596413 0.054688 0.089686
1 0.64375 0.558296 0.046875 0.06278
1 0.711719 0.511211 0.039062 0.058296
1 0.921875 0.869955 0.14375 0.219731
1 0.684375 0.548206 0.03125 0.047085