1 0.961667 0.725 0.06 0.095
1 0.94 0.675 0.046667 0.075
1 0.978333 0.64625 0.03 0.0475
1 0.9 0.655 0.033333 0.055
1 0.920833 0.62875 0.028333 0.0425
1 0.8175 0.6825 0.048333 0.075
1 0.78 0.6225 0.02 0.04
1 0.835 0.62375 0.02 0.0325
1 0.719167 0.66125 0.038333 0.0575
1 0.7475 0.655 0.028333 0.05
1 0.6975 0.63 0.028333 0.045
1 0.665833 0.63875 0.035 0.0525
1 0.6425 0.66 0.038333 0.05
1 0.613333 0.615 0.026667 0.045
1 0.583333 0.61875 0.016667 0.0275
1 0.569167 0.60625 0.018333 0.0275
1 0.546667 0.62375 0.026667 0.0375
1 0.535833 0.605 0.018333 0.03
1 0.525 0.67625 0.04 0.0775
1 0.558333 0.85375 0.096667 0.1625
1 0.4475 0.72875 0.061667 0.0925
1 0.431667 0.67625 0.043333 0.0525
1 0.488333 0.64625 0.026667 0.0425
1 0.4825 0.61375 0.021667 0.0275
1 0.290833 0.82625 0.085 0.1125
1 0.3175 0.65875 0.035 0.0625
1 0.386667 0.64625 0.026667 0.0425
1 0.386667 0.6075 0.02 0.03
1 0.346667 0.605 0.02 0.035
1 0.325 0.61 0.023333 0.035
1 0.298333 0.61375 0.02 0.0325
1 0.28 0.60875 0.016667 0.0275
1 0.238333 0.66125 0.03 0.0575
1 0.179167 0.62875 0.035 0.0525
1 0.123333 0.725 0.053333 0.085
1 0.0825 0.6975 0.031667 0.07
1 0.113333 0.65125 0.033333 0.0475
1 0.046667 0.66375 0.026667 0.0525
1 0.015833 0.62 0.025 0.045
1 0.0075 0.565 0.011667 0.035
1 0.1425 0.605 0.015 0.025
1 0.218333 0.62 0.02 0.04
1 0.231667 0.6 0.016667 0.02
1 0.245 0.5975 0.016667 0.025
1 0.116667 0.60625 0.013333 0.0375
1 0.079167 0.60125 0.021667 0.0275
1 0.453333 0.6075 0.013333 0.03
1 0.430833 0.6075 0.011667 0.02