1 0.056667 0.393333 0.055556 0.073333
1 0.202222 0.391667 0.044444 0.056667
1 0.242222 0.371667 0.026667 0.05
1 0.303333 0.4 0.042222 0.06
1 0.315556 0.51 0.075556 0.113333
1 0.397778 0.465 0.066667 0.096667
1 0.378889 0.395 0.037778 0.063333
1 0.353333 0.38 0.031111 0.04
1 0.462222 0.381667 0.031111 0.043333
1 0.523333 0.428333 0.042222 0.063333
1 0.547778 0.541667 0.095556 0.176667
1 0.593333 0.495 0.053333 0.096667
1 0.66 0.46 0.035556 0.06
1 0.598889 0.42 0.033333 0.046667
1 0.62 0.376667 0.026667 0.04
1 0.672222 0.411667 0.024444 0.043333
1 0.691111 0.38 0.022222 0.04
1 0.744444 0.416667 0.044444 0.06
1 0.773333 0.495 0.057778 0.09
1 0.798889 0.578333 0.108889 0.163333
1 0.858889 0.47 0.055556 0.08
1 0.885556 0.448333 0.037778 0.056667
1 0.893333 0.415 0.026667 0.043333