1 0.2175 0.12594 0.11 0.199248
1 0.3225 0.283835 0.175 0.334586
1 0.46125 0.199248 0.1025 0.195489
1 0.75 0.281955 0.17 0.308271
1 0.93125 0.240602 0.0875 0.165414
1 0.85875 0.12782 0.0675 0.112782
1 0.8525 0.037594 0.04 0.06015
1 0.91375 0.082707 0.0425 0.067669
1 0.9275 0.033835 0.045 0.06015
1 0.68875 0.056391 0.0775 0.105263
1 0.735 0.039474 0.04 0.071429
1 0.76875 0.052632 0.0375 0.06015
1 0.75625 0.142857 0.0575 0.097744
1 0.61625 0.077068 0.0525 0.086466
1 0.57 0.031955 0.035 0.056391
1 0.62625 0.015038 0.0375 0.022556
1 0.5075 0.120301 0.07 0.120301
1 0.485 0.052632 0.05 0.082707
1 0.45875 0.028195 0.0375 0.048872
1 0.52125 0.022556 0.0375 0.037594
1 0.315 0.048872 0.06 0.090226