1 0.097561 0.4121 0.036585 0.061644
1 0.122713 0.429224 0.041159 0.068493
1 0.18064 0.4121 0.032012 0.057078
1 0.21875 0.414384 0.03811 0.070776
1 0.257622 0.414384 0.030488 0.052511
1 0.29497 0.453196 0.03811 0.061644
1 0.301067 0.409817 0.032012 0.043379
1 0.254573 0.583333 0.042683 0.075342
1 0.346037 0.607306 0.036585 0.059361
1 0.355183 0.426941 0.033537 0.059361
1 0.400915 0.441781 0.036585 0.06621
1 0.424543 0.569635 0.028963 0.052511
1 0.472561 0.592466 0.033537 0.061644
1 0.458841 0.399543 0.027439 0.054795
1 0.509909 0.431507 0.032012 0.059361
1 0.536585 0.393836 0.033537 0.047945
1 0.518293 0.614155 0.036585 0.063927
1 0.584604 0.611872 0.032012 0.063927
1 0.596799 0.413242 0.03811 0.054795
1 0.645579 0.421233 0.035061 0.070776
1 0.671494 0.428082 0.035061 0.06621
1 0.714939 0.40411 0.033537 0.059361
1 0.730945 0.43379 0.032012 0.068493
1 0.785823 0.409817 0.035061 0.06621
1 0.813262 0.426941 0.041159 0.073059
1 0.876524 0.437215 0.04878 0.079909
1 0.92378 0.421233 0.04878 0.079909