1 0.12 0.496997 0.056 0.105105
1 0.16 0.433934 0.044 0.069069
1 0.225 0.433934 0.042 0.069069
1 0.287 0.438438 0.038 0.072072
1 0.319 0.414414 0.03 0.042042
1 0.386 0.433934 0.044 0.075075
1 0.485 0.418919 0.026 0.045045
1 0.54 0.584084 0.108 0.189189
1 0.53 0.459459 0.052 0.084084
1 0.55 0.432432 0.04 0.072072
1 0.574 0.288288 0.024 0.048048
1 0.623 0.462462 0.042 0.072072
1 0.65 0.493994 0.056 0.093093
1 0.758 0.433934 0.044 0.069069
1 0.796 0.490991 0.064 0.093093
1 0.91 0.441441 0.056 0.096096