1 0.048 0.593093 0.072 0.123123
1 0.045 0.539039 0.058 0.081081
1 0.074 0.460961 0.064 0.105105
1 0.113 0.444444 0.05 0.09009
1 0.214 0.540541 0.068 0.108108
1 0.223 0.486486 0.062 0.09009
1 0.277 0.534535 0.062 0.096096
1 0.253 0.684685 0.094 0.15015
1 0.364 0.752252 0.1 0.165165
1 0.389 0.533033 0.066 0.105105
1 0.405 0.475976 0.058 0.075075
1 0.483 0.711712 0.094 0.186186
1 0.614 0.57958 0.076 0.126126
1 0.734 0.542042 0.064 0.111111
1 0.655 0.89039 0.118 0.201201
1 0.806 0.632132 0.08 0.111111
1 0.866 0.719219 0.084 0.159159
1 0.928 0.806306 0.096 0.165165
1 0.899 0.593093 0.082 0.135135
1 0.878 0.501502 0.06 0.09009
1 0.735 0.205706 0.042 0.081081