1 0.1068 0.552189 0.0504 0.114478
1 0.2176 0.257576 0.0192 0.053872
1 0.2268 0.271044 0.0216 0.043771
1 0.2736 0.229798 0.0192 0.045455
1 0.3012 0.226431 0.0184 0.045455
1 0.3072 0.200337 0.0224 0.040404
1 0.33 0.21633 0.0168 0.052189
1 0.3404 0.219697 0.0152 0.045455
1 0.3616 0.255892 0.0208 0.050505
1 0.36 0.186869 0.0176 0.040404
1 0.3864 0.179293 0.0192 0.031987
1 0.39 0.229798 0.0168 0.038721
1 0.4316 0.292088 0.0232 0.048822
1 0.414 0.166667 0.0136 0.037037
1 0.4268 0.181818 0.0184 0.043771
1 0.4684 0.23064 0.0216 0.043771
1 0.4508 0.15404 0.0168 0.031987
1 0.4628 0.152357 0.0152 0.038721
1 0.4768 0.158249 0.0176 0.043771
1 0.488 0.13468 0.0144 0.037037
1 0.508 0.154882 0.0176 0.050505
1 0.4972 0.188552 0.0168 0.040404
1 0.5252 0.218855 0.0168 0.050505
1 0.5292 0.158249 0.0152 0.040404
1 0.546 0.126263 0.0152 0.037037
1 0.5552 0.140572 0.0144 0.035354
1 0.5704 0.189394 0.016 0.042088
1 0.6004 0.206229 0.0184 0.045455
1 0.6052 0.16835 0.0168 0.037037
1 0.6012 0.138889 0.0136 0.031987
1 0.5912 0.117003 0.016 0.035354
1 0.5688 0.125421 0.0144 0.035354
1 0.5768 0.157407 0.0176 0.038721
1 0.626 0.12037 0.0152 0.038721
1 0.6492 0.132155 0.0152 0.038721
1 0.6552 0.117845 0.0144 0.037037
1 0.6524 0.172559 0.0152 0.038721
1 0.6828 0.143098 0.0136 0.040404
1 0.686 0.124579 0.0136 0.03367
1 0.7012 0.147306 0.0152 0.038721
1 0.688 0.205387 0.0176 0.043771
1 0.652 0.241582 0.0272 0.055556
1 0.6056 0.272727 0.0288 0.060606
1 0.5696 0.325758 0.0288 0.06229
1 0.6028 0.37037 0.0296 0.063973
1 0.6548 0.387205 0.0328 0.06734
1 0.7184 0.385522 0.0304 0.063973
1 0.7096 0.270202 0.024 0.069024
1 0.7364 0.224747 0.02 0.042088
1 0.7244 0.214646 0.0168 0.038721
1 0.7472 0.186027 0.016 0.035354
1 0.7624 0.171717 0.0144 0.043771
1 0.7716 0.191077 0.0168 0.038721
1 0.7904 0.23064 0.0176 0.043771
1 0.7468 0.284512 0.0232 0.057239
1 0.7952 0.302189 0.0224 0.055556
1 0.8132 0.214646 0.0168 0.042088
1 0.804 0.183502 0.016 0.040404
1 0.8248 0.20202 0.016 0.040404
1 0.7892 0.455387 0.0312 0.092593
1 0.8548 0.490741 0.0312 0.099327
1 0.8708 0.393939 0.0264 0.06734
1 0.8564 0.335017 0.0184 0.053872
1 0.864 0.302189 0.0192 0.045455
1 0.8856 0.26936 0.0176 0.050505
1 0.8976 0.244108 0.0144 0.030303
1 0.8932 0.212963 0.0136 0.031987
1 0.8704 0.227273 0.016 0.040404
1 0.8552 0.225589 0.0176 0.043771
1 0.9232 0.253367 0.0128 0.042088
1 0.9464 0.236532 0.0128 0.035354
1 0.92 0.320707 0.0208 0.048822
1 0.942 0.430135 0.0248 0.079125
1 0.9456 0.37037 0.0208 0.060606
1 0.9684 0.348485 0.0184 0.053872
1 0.9692 0.301347 0.0152 0.047138
1 0.9744 0.246633 0.0112 0.045455