1 0.129375 0.446529 0.04875 0.093809
1 0.18375 0.459662 0.065 0.090056
1 0.256875 0.545966 0.07625 0.12758
1 0.3175 0.591932 0.115 0.144465
1 0.105625 0.449343 0.04375 0.08818
1 0.286875 0.314259 0.04375 0.076923
1 0.458125 0.424953 0.04875 0.080675
1 0.555625 0.478424 0.04875 0.090056
1 0.588125 0.441839 0.03875 0.076923
1 0.6175 0.47561 0.05 0.080675
1 0.666875 0.521576 0.06625 0.101313
1 0.68875 0.478424 0.055 0.078799
1 0.82875 0.506567 0.065 0.108818
1 0.87625 0.4606 0.0425 0.073171
1 0.9175 0.4606 0.045 0.076923
1 0.94125 0.505629 0.0475 0.080675
1 0.918125 0.565666 0.09125 0.133208