1 0.035 0.330696 0.042 0.079114
1 0.114 0.306962 0.052 0.094937
1 0.187 0.390823 0.058 0.10443
1 0.227 0.541139 0.078 0.126582
1 0.316 0.414557 0.064 0.107595
1 0.254 0.368671 0.048 0.072785
1 0.276 0.316456 0.036 0.075949
1 0.375 0.338608 0.042 0.082278
1 0.482 0.487342 0.104 0.21519
1 0.472 0.375 0.048 0.079114
1 0.555 0.341772 0.038 0.075949
1 0.641 0.310127 0.042 0.06962
1 0.639 0.482595 0.082 0.129747
1 0.705 0.381329 0.05 0.085443
1 0.816 0.329114 0.052 0.094937
1 0.669 0.65981 0.106 0.199367
1 0.921 0.537975 0.09 0.189873
1 0.904 0.390823 0.064 0.10443
1 0.969 0.386076 0.058 0.120253