1 0.18 0.483483 0.048 0.09009
1 0.248 0.417417 0.048 0.078078
1 0.12 0.385886 0.056 0.081081
1 0.122 0.297297 0.048 0.078078
1 0.083 0.3003 0.042 0.072072
1 0.06 0.238739 0.036 0.063063
1 0.107 0.234234 0.034 0.054054
1 0.159 0.204204 0.03 0.054054
1 0.188 0.307808 0.044 0.081081
1 0.191 0.255255 0.03 0.054054
1 0.219 0.279279 0.038 0.072072
1 0.254 0.315315 0.048 0.078078
1 0.28 0.273273 0.036 0.072072
1 0.26 0.237237 0.032 0.054054
1 0.238 0.220721 0.02 0.039039
1 0.224 0.235736 0.024 0.033033
1 0.298 0.256757 0.028 0.057057
1 0.331 0.280781 0.03 0.063063
1 0.327 0.328829 0.042 0.081081
1 0.367 0.3003 0.038 0.072072
1 0.391 0.273273 0.03 0.054054
1 0.354 0.250751 0.024 0.045045
1 0.327 0.190691 0.018 0.039039
1 0.38 0.213213 0.016 0.03003
1 0.399 0.216216 0.018 0.042042
1 0.425 0.228228 0.026 0.048048
1 0.425 0.285285 0.034 0.06006
1 0.418 0.339339 0.04 0.078078
1 0.471 0.310811 0.034 0.063063
1 0.454 0.256757 0.032 0.057057
1 0.487 0.228228 0.026 0.06006
1 0.476 0.1997 0.016 0.039039
1 0.513 0.219219 0.026 0.048048
1 0.529 0.25976 0.03 0.063063
1 0.508 0.307808 0.036 0.087087
1 0.539 0.321321 0.03 0.054054
1 0.57 0.321321 0.028 0.066066
1 0.607 0.325826 0.042 0.075075
1 0.58 0.268769 0.028 0.057057
1 0.607 0.279279 0.026 0.048048
1 0.653 0.3003 0.038 0.072072
1 0.698 0.345345 0.04 0.084084
1 0.685 0.247748 0.038 0.075075
1 0.725 0.184685 0.03 0.063063
1 0.775 0.267267 0.034 0.072072
1 0.804 0.298799 0.048 0.081081
1 0.841 0.346847 0.066 0.099099
1 0.844 0.421922 0.068 0.111111
1 0.771 0.381381 0.058 0.096096
1 0.737 0.318318 0.042 0.066066
1 0.861 0.303303 0.034 0.054054
1 0.911 0.316817 0.042 0.075075
1 0.807 0.244745 0.026 0.039039