1 0.166667 0.588268 0.068333 0.090503
1 0.122917 0.499441 0.035833 0.042458
1 0.047917 0.5 0.030833 0.034637
1 0.059583 0.471508 0.034167 0.037989
1 0.03125 0.53352 0.044167 0.056983
1 0.196667 0.52514 0.053333 0.051397
1 0.18875 0.47933 0.0275 0.042458
1 0.225417 0.48324 0.0425 0.052514
1 0.26875 0.47486 0.025833 0.042458
1 0.291667 0.494972 0.026667 0.03352
1 0.312917 0.473743 0.025833 0.02905
1 0.350417 0.504469 0.039167 0.041341
1 0.351667 0.469274 0.031667 0.03352
1 0.394583 0.480447 0.0225 0.03352
1 0.4175 0.488268 0.04 0.051397
1 0.458333 0.481006 0.03 0.052514
1 0.497083 0.467039 0.034167 0.037989
1 0.495417 0.513966 0.044167 0.055866
1 0.442917 0.643575 0.0875 0.096089
1 0.301667 0.577095 0.06 0.070391
1 0.594167 0.636313 0.071667 0.086034
1 0.570417 0.521788 0.045833 0.060335
1 0.553333 0.489944 0.031667 0.039106
1 0.600417 0.486034 0.030833 0.042458
1 0.685 0.486592 0.04 0.054749
1 0.692917 0.560894 0.0575 0.075978
1 0.767083 0.482682 0.0375 0.049162
1 0.820833 0.511173 0.05 0.081564
1 0.87375 0.521788 0.044167 0.067039
1 0.875417 0.493855 0.040833 0.049162