1 0.208125 0.314421 0.02625 0.052009
1 0.039375 0.700946 0.05125 0.092199
1 0.098125 0.65721 0.03875 0.099291
1 0.145 0.858156 0.0975 0.193853
1 0.254375 0.8487 0.10125 0.208038
1 0.31125 0.808511 0.0625 0.137116
1 0.22125 0.653664 0.055 0.106383
1 0.218125 0.585106 0.04625 0.078014
1 0.36625 0.620567 0.0525 0.111111
1 0.37125 0.542553 0.0425 0.082742
1 0.478125 0.549645 0.04125 0.078014
1 0.455625 0.543735 0.02625 0.070922
1 0.574375 0.526005 0.03625 0.082742
1 0.763125 0.601655 0.07125 0.13948
1 0.8525 0.450355 0.03 0.059102
1 0.973125 0.501182 0.04875 0.118203
1 0.9325 0.489362 0.0425 0.066194
1 0.929375 0.438534 0.03625 0.06383