1 0.177583 0.481117 0.041513 0.082102
1 0.271218 0.259442 0.012915 0.026273
1 0.374077 0.288998 0.023063 0.036125
1 0.32703 0.280788 0.024908 0.032841
1 0.292897 0.278325 0.023063 0.037767
1 0.691421 0.10509 0.015683 0.022989
1 0.657288 0.114122 0.013838 0.027915
1 0.625923 0.104269 0.010148 0.021346
1 0.607472 0.10509 0.010148 0.022989
1 0.587638 0.123153 0.01476 0.022989
1 0.554428 0.125616 0.01476 0.027915
1 0.52214 0.140394 0.012915 0.021346
1 0.509686 0.149425 0.011993 0.022989
1 0.498155 0.13711 0.00738 0.018062
1 0.476476 0.150246 0.011993 0.027915
1 0.438653 0.188013 0.015683 0.031199
1 0.41928 0.175698 0.013838 0.022989
1 0.416052 0.1133 0.012915 0.026273
1 0.361624 0.198686 0.016605 0.029557
1 0.395295 0.199507 0.017528 0.031199
1 0.442343 0.245484 0.019373 0.037767
1 0.476937 0.219212 0.020295 0.041051
1 0.476476 0.192118 0.019373 0.032841
1 0.517528 0.179803 0.01476 0.027915
1 0.546125 0.188834 0.016605 0.036125
1 0.565959 0.176519 0.017528 0.034483
1 0.606089 0.142857 0.016605 0.032841
1 0.488007 0.342365 0.027675 0.041051
1 0.52952 0.352217 0.02952 0.054187
1 0.574262 0.23399 0.019373 0.041051
1 0.623616 0.238095 0.02214 0.039409
1 0.651753 0.169951 0.019373 0.034483
1 0.745849 0.116585 0.015683 0.032841
1 0.740775 0.151067 0.01476 0.029557
1 0.771679 0.1289 0.011993 0.027915
1 0.776753 0.158456 0.01476 0.031199
1 0.829797 0.128079 0.011993 0.029557
1 0.839945 0.144499 0.013838 0.032841
1 0.851937 0.154351 0.013838 0.042693
1 0.862085 0.124795 0.010148 0.019704
1 0.921125 0.159278 0.010148 0.029557
1 0.910517 0.206076 0.01476 0.041051
1 0.875461 0.190476 0.01845 0.026273
1 0.875923 0.212644 0.015683 0.037767
1 0.91928 0.230706 0.019373 0.044335
1 0.822878 0.205255 0.020295 0.045977
1 0.776753 0.196223 0.02214 0.041051
1 0.711255 0.197865 0.020295 0.034483
1 0.723708 0.17734 0.021218 0.032841
1 0.688192 0.19376 0.01845 0.036125
1 0.647601 0.227422 0.02214 0.044335
1 0.684502 0.238916 0.02214 0.037767
1 0.667435 0.319376 0.024908 0.047619
1 0.736624 0.263547 0.021218 0.050903
1 0.744926 0.226601 0.019373 0.045977
1 0.779059 0.266831 0.021218 0.047619
1 0.798893 0.249589 0.01845 0.045977
1 0.73155 0.341544 0.031365 0.068966
1 0.813192 0.32266 0.028598 0.064039
1 0.853782 0.256158 0.019373 0.045977
1 0.871771 0.347291 0.02214 0.057471
1 0.898063 0.366995 0.021218 0.037767
1 0.890683 0.281609 0.017528 0.044335