1 0.066901 0.698 0.058685 0.076
1 0.221831 0.726 0.053991 0.1
1 0.166667 0.492 0.042254 0.064
1 0.258216 0.364 0.042254 0.072
1 0.232394 0.2 0.032864 0.064
1 0.343897 0.192 0.030516 0.064
1 0.435446 0.216 0.025822 0.056
1 0.362676 0.36 0.039906 0.064
1 0.318075 0.546 0.039906 0.068
1 0.492958 0.5 0.032864 0.064
1 0.575117 0.706 0.042254 0.084
1 0.773474 0.77 0.06338 0.116
1 0.697183 0.574 0.042254 0.076
1 0.728873 0.494 0.039906 0.076
1 0.782864 0.4 0.039906 0.064
1 0.769953 0.316 0.037559 0.064
1 0.765258 0.256 0.032864 0.056
1 0.723005 0.212 0.028169 0.048
1 0.642019 0.25 0.030516 0.06
1 0.596244 0.402 0.042254 0.068
1 0.593897 0.182 0.028169 0.052
1 0.532864 0.122 0.028169 0.052