1 0.04 0.430833 0.0575 0.078333
1 0.21375 0.465833 0.065 0.101667
1 0.35625 0.478333 0.05 0.083333
1 0.410625 0.416667 0.03875 0.073333
1 0.435 0.5075 0.065 0.108333
1 0.470625 0.465 0.04125 0.083333
1 0.509375 0.4325 0.03875 0.041667
1 0.55875 0.45 0.045 0.073333
1 0.603125 0.500833 0.06875 0.101667
1 0.595 0.4075 0.03 0.051667
1 0.63875 0.425 0.045 0.063333
1 0.690625 0.395833 0.02875 0.051667
1 0.728125 0.475 0.06875 0.1
1 0.723125 0.421667 0.04625 0.066667
1 0.74875 0.406667 0.0425 0.06
1 0.91875 0.449167 0.0525 0.075
1 0.94875 0.429167 0.0375 0.068333