1 0.888 0.439759 0.044 0.066265
1 0.655 0.623494 0.03 0.054217
1 0.601 0.582831 0.026 0.039157
1 0.583 0.572289 0.026 0.048193
1 0.498 0.625 0.032 0.057229
1 0.452 0.65512 0.052 0.081325
1 0.455 0.612952 0.038 0.057229
1 0.492 0.576807 0.02 0.039157
1 0.522 0.575301 0.02 0.036145
1 0.438 0.564759 0.016 0.027108
1 0.409 0.593373 0.03 0.042169
1 0.379 0.623494 0.034 0.072289
1 0.36 0.587349 0.032 0.048193
1 0.35 0.551205 0.024 0.036145
1 0.355 0.71988 0.058 0.084337
1 0.285 0.628012 0.046 0.075301
1 0.302 0.596386 0.024 0.048193
1 0.309 0.566265 0.022 0.036145
1 0.304 0.552711 0.02 0.033133
1 0.283 0.549699 0.022 0.033133
1 0.261 0.576807 0.022 0.039157
1 0.242 0.548193 0.024 0.048193
1 0.226 0.53012 0.02 0.036145
1 0.195 0.524096 0.018 0.036145
1 0.212 0.582831 0.032 0.045181
1 0.161 0.665663 0.046 0.084337
1 0.154 0.581325 0.048 0.072289
1 0.184 0.560241 0.028 0.048193
1 0.178 0.534639 0.02 0.033133
1 0.11 0.561747 0.04 0.057229
1 0.104 0.53012 0.024 0.048193
1 0.066 0.531627 0.024 0.039157
1 0.056 0.572289 0.032 0.054217
1 0.037 0.534639 0.022 0.039157
1 0.027 0.635542 0.05 0.084337