1 0.0155 0.438514 0.027 0.098649
1 0.042 0.408784 0.042 0.074324
1 0.034 0.377703 0.03 0.05
1 0.053 0.368919 0.026 0.048649
1 0.0665 0.393243 0.023 0.040541
1 0.1175 0.394595 0.027 0.048649
1 0.1275 0.410811 0.025 0.043243
1 0.258 0.422973 0.046 0.054054
1 0.289 0.408784 0.03 0.05
1 0.271 0.387162 0.024 0.033784
1 0.3385 0.431081 0.041 0.064865
1 0.4505 0.489189 0.065 0.105405
1 0.4245 0.411486 0.019 0.036486
1 0.45 0.419595 0.024 0.028378
1 0.4805 0.427027 0.027 0.043243
1 0.4935 0.403378 0.015 0.025676
1 0.517 0.433108 0.028 0.05
1 0.5115 0.402703 0.019 0.02973
1 0.5525 0.440541 0.027 0.040541
1 0.5605 0.416216 0.017 0.032432
1 0.598 0.461486 0.032 0.05
1 0.602 0.427703 0.024 0.033784
1 0.6535 0.45 0.023 0.043243
1 0.6905 0.481757 0.033 0.052703
1 0.694 0.448649 0.028 0.037838
1 0.737 0.482432 0.04 0.054054
1 0.7475 0.462838 0.031 0.05
1 0.859 0.506081 0.05 0.071622
1 0.8485 0.475 0.039 0.060811
1 0.934 0.497973 0.038 0.060811
1 0.9735 0.520946 0.049 0.093243