1 0.885 0.773414 0.146 0.241692
1 0.704 0.907855 0.148 0.18429
1 0.835 0.563444 0.066 0.129909
1 0.889 0.611782 0.102 0.154079
1 0.911 0.47432 0.054 0.108761
1 0.881 0.451662 0.038 0.075529
1 0.765 0.495468 0.038 0.072508
1 0.727 0.504532 0.042 0.07855
1 0.687 0.524169 0.042 0.063444
1 0.677 0.478852 0.038 0.069486
1 0.633 0.590634 0.058 0.087613
1 0.616 0.504532 0.036 0.072508
1 0.577 0.510574 0.034 0.066465
1 0.544 0.663142 0.076 0.135952
1 0.508 0.549849 0.052 0.084592
1 0.517 0.47432 0.03 0.054381
1 0.479 0.492447 0.034 0.054381
1 0.462 0.463746 0.036 0.057402
1 0.4 0.510574 0.036 0.060423
1 0.344 0.623867 0.064 0.111782
1 0.303 0.809668 0.13 0.181269
1 0.097 0.708459 0.106 0.141994
1 0.157 0.572508 0.066 0.087613
1 0.072 0.577039 0.056 0.07855
1 0.046 0.507553 0.052 0.060423
1 0.069 0.453172 0.03 0.054381
1 0.04 0.465257 0.032 0.066465
1 0.119 0.522659 0.054 0.07855
1 0.136 0.462236 0.036 0.060423
1 0.206 0.507553 0.044 0.072508
1 0.188 0.47281 0.04 0.069486
1 0.24 0.486405 0.032 0.054381
1 0.273 0.466767 0.034 0.05136
1 0.29 0.521148 0.04 0.081571
1 0.314 0.493958 0.032 0.069486
1 0.329 0.47281 0.026 0.05136
1 0.344 0.450151 0.028 0.042296
1 0.404 0.47281 0.024 0.039275
1 0.386 0.466767 0.024 0.05136