1 0.083636 0.468579 0.029091 0.040984
1 0.129091 0.435792 0.061818 0.095628
1 0.235455 0.551913 0.034545 0.04918
1 0.256364 0.538251 0.021818 0.038251
1 0.3 0.547814 0.029091 0.040984
1 0.455455 0.584699 0.045455 0.071038
1 0.431818 0.539617 0.023636 0.046448
1 0.428182 0.505464 0.02 0.032787
1 0.44 0.509563 0.018182 0.035519
1 0.462727 0.504098 0.023636 0.035519
1 0.469091 0.54235 0.025455 0.046448
1 0.485455 0.509563 0.018182 0.02459
1 0.507273 0.495902 0.018182 0.030055
1 0.519091 0.539617 0.034545 0.051913
1 0.55 0.532787 0.02 0.043716
1 0.575455 0.540984 0.027273 0.04918
1 0.604545 0.63388 0.063636 0.098361
1 0.537273 0.599727 0.045455 0.068306
1 0.630909 0.57377 0.036364 0.065574
1 0.655455 0.590164 0.052727 0.081967
1 0.642727 0.494536 0.02 0.043716
1 0.655455 0.495902 0.016364 0.035519
1 0.712727 0.565574 0.036364 0.060109
1 0.723636 0.48224 0.021818 0.040984
1 0.803636 0.483607 0.021818 0.032787
1 0.810909 0.561475 0.032727 0.062842
1 0.86 0.527322 0.025455 0.04918
1 0.87 0.569672 0.034545 0.057377
1 0.913636 0.536885 0.030909 0.051913
1 0.930909 0.480874 0.025455 0.043716
1 0.907273 0.75 0.083636 0.144809
1 0.94 0.663934 0.072727 0.120219