1 0.0875 0.706177 0.08 0.106845
1 0.06 0.662771 0.06 0.083472
1 0.02375 0.638564 0.0425 0.058431
1 0.02125 0.613523 0.04 0.058431
1 0.133125 0.618531 0.04125 0.071786
1 0.1775 0.489149 0.0475 0.056761
1 0.17625 0.696995 0.075 0.128548
1 0.24375 0.765442 0.125 0.215359
1 0.189375 0.618531 0.03625 0.065109
1 0.240625 0.65192 0.04375 0.068447
1 0.2925 0.668614 0.0525 0.075125
1 0.348125 0.672788 0.05875 0.100167
1 0.48625 0.836394 0.115 0.186978
1 0.478125 0.709516 0.06875 0.110184
1 0.598125 0.671953 0.07625 0.101836
1 0.681875 0.754591 0.09125 0.136895
1 0.688125 0.661937 0.05625 0.098497
1 0.73125 0.675292 0.0675 0.105175
1 0.848125 0.660267 0.07375 0.111853