1 0.195485 0.324486 0.043228 0.101027
1 0.346302 0.184932 0.01633 0.030822
1 0.369356 0.196918 0.022094 0.030822
1 0.384246 0.152397 0.021134 0.030822
1 0.402978 0.188356 0.014409 0.034247
1 0.419308 0.16524 0.01633 0.035959
1 0.417867 0.202911 0.017291 0.042808
1 0.388088 0.26113 0.028818 0.046233
1 0.422671 0.264555 0.026897 0.046233
1 0.448127 0.225171 0.018252 0.039384
1 0.458694 0.086473 0.018252 0.032534
1 0.474544 0.153253 0.019212 0.02911
1 0.48415 0.226884 0.026897 0.035959
1 0.499039 0.197774 0.018252 0.035959
1 0.532661 0.193493 0.01633 0.041096
1 0.569164 0.131849 0.01633 0.027397
1 0.589817 0.11387 0.017291 0.025685
1 0.652257 0.113014 0.028818 0.037671
1 0.669068 0.186644 0.018252 0.041096
1 0.632565 0.201199 0.020173 0.046233
1 0.608069 0.252568 0.026897 0.046233
1 0.555235 0.255137 0.021134 0.047945
1 0.611912 0.30137 0.040346 0.061644
1 0.705091 0.161815 0.01537 0.032534
1 0.704611 0.128425 0.014409 0.023973
1 0.745437 0.137842 0.013449 0.032534
1 0.761768 0.159247 0.019212 0.027397
1 0.778578 0.139555 0.014409 0.032534
1 0.742075 0.173801 0.014409 0.025685
1 0.708934 0.173801 0.017291 0.02911
1 0.74928 0.190068 0.017291 0.037671
1 0.775696 0.186644 0.018252 0.044521
1 0.793948 0.160103 0.01633 0.035959
1 0.724784 0.262842 0.027858 0.063356
1 0.834294 0.266267 0.025937 0.049658
1 0.871758 0.275685 0.024015 0.061644
1 0.89001 0.206336 0.020173 0.046233
1 0.934198 0.225171 0.014409 0.039384
1 0.944284 0.207192 0.01537 0.041096
1 0.929875 0.262842 0.021134 0.046233