1 0.065666 0.68625 0.082552 0.1325
1 0.160413 0.71625 0.095685 0.1375
1 0.212946 0.82125 0.110694 0.1675
1 0.218574 0.635 0.054409 0.1
1 0.201689 0.5425 0.046904 0.075
1 0.165103 0.505 0.033771 0.06
1 0.253283 0.50125 0.037523 0.0625
1 0.357411 0.49125 0.028143 0.0525
1 0.379925 0.505 0.0394 0.07
1 0.41651 0.53125 0.041276 0.0725
1 0.444653 0.54375 0.045028 0.0725
1 0.434334 0.6525 0.069418 0.11
1 0.630394 0.6825 0.086304 0.115
1 0.631332 0.60625 0.061914 0.0975
1 0.554409 0.41875 0.028143 0.0425
1 0.654784 0.4975 0.033771 0.055
1 0.681989 0.54125 0.054409 0.0775
1 0.714822 0.52375 0.041276 0.0775
1 0.767355 0.5575 0.045028 0.075
1 0.783302 0.49375 0.0394 0.0525
1 0.72045 0.755 0.105066 0.145
1 0.832083 0.63 0.080675 0.11
1 0.956848 0.675 0.082552 0.13
1 0.929644 0.59 0.058161 0.085
1 0.928705 0.5225 0.037523 0.06
1 0.856473 0.5125 0.043152 0.06