1 0.187222 0.228227 0.091111 0.166842
1 0.192222 0.403987 0.083333 0.142707
1 0.176111 0.56086 0.136667 0.273872
1 0.448056 0.38405 0.071667 0.165792
1 0.441389 0.30745 0.050556 0.094439
1 0.338056 0.26128 0.037222 0.06086
1 0.401111 0.244491 0.033333 0.071354
1 0.491389 0.080273 0.033889 0.068206
1 0.622222 0.252361 0.037778 0.099685
1 0.511667 0.248688 0.038889 0.081847
1 0.578889 0.347849 0.056667 0.10808
1 0.82 0.39192 0.094444 0.196222
1 0.8775 0.285414 0.056111 0.134313
1 0.774444 0.235047 0.041111 0.090241