1 0.0375 0.581111 0.065 0.104444
1 0.1275 0.554444 0.055 0.073333
1 0.188333 0.58 0.093333 0.128889
1 0.284167 0.571111 0.091667 0.133333
1 0.396667 0.527778 0.103333 0.135556
1 0.445833 0.537778 0.041667 0.075556
1 0.519167 0.542222 0.071667 0.102222
1 0.573333 0.506667 0.05 0.075556
1 0.596667 0.545556 0.06 0.082222
1 0.658333 0.535556 0.073333 0.111111
1 0.7075 0.503333 0.058333 0.086667
1 0.798333 0.49 0.086667 0.135556
1 0.78 0.343333 0.026667 0.046667
1 0.935 0.503333 0.066667 0.086667
1 0.9725 0.474444 0.055 0.108889
1 0.846667 0.502222 0.05 0.075556