1 0.825 0.424437 0.206 0.334405
1 0.758 0.226688 0.096 0.131833
1 0.638 0.294212 0.124 0.209003
1 0.563 0.315113 0.066 0.154341
1 0.344 0.35209 0.068 0.131833
1 0.36 0.231511 0.06 0.102894
1 0.42 0.220257 0.04 0.080386
1 0.471 0.27492 0.066 0.131833
1 0.549 0.215434 0.05 0.102894
1 0.507 0.205788 0.046 0.07717
1 0.609 0.122186 0.03 0.045016
1 0.591 0.086817 0.026 0.045016
1 0.295 0.088424 0.026 0.041801
1 0.283 0.032154 0.026 0.038585
1 0.325 0.024116 0.018 0.03537
1 0.338 0.069132 0.02 0.054662
1 0.362 0.11254 0.024 0.051447
1 0.301 0.220257 0.034 0.073955
1 0.321 0.136656 0.03 0.041801
1 0.416 0.114148 0.028 0.048232
1 0.449 0.094855 0.022 0.041801
1 0.488 0.11254 0.024 0.045016
1 0.558 0.054662 0.024 0.038585
1 0.562 0.014469 0.024 0.022508
1 0.528 0.033762 0.02 0.048232
1 0.491 0.048232 0.022 0.038585
1 0.503 0.024116 0.018 0.028939
1 0.481 0.017685 0.018 0.028939
1 0.457 0.036977 0.022 0.041801
1 0.417 0.069132 0.018 0.041801
1 0.408 0.05627 0.016 0.03537
1 0.38 0.022508 0.02 0.032154
1 0.36 0.053055 0.016 0.03537
1 0.342 0.014469 0.02 0.022508
1 0.441 0.019293 0.022 0.032154
1 0.41 0.163987 0.036 0.057878
1 0.466 0.146302 0.024 0.048232
1 0.512 0.155949 0.028 0.048232
1 0.521 0.128617 0.034 0.045016