1 0.124 0.338323 0.056 0.095808
1 0.215 0.389222 0.046 0.077844
1 0.236 0.356287 0.044 0.065868
1 0.279 0.393713 0.046 0.07485
1 0.328 0.398204 0.04 0.077844
1 0.314 0.344311 0.028 0.065868
1 0.338 0.372754 0.036 0.062874
1 0.372 0.387725 0.044 0.092814
1 0.427 0.359281 0.042 0.077844
1 0.455 0.353293 0.034 0.065868
1 0.471 0.401198 0.042 0.077844
1 0.493 0.375749 0.03 0.062874
1 0.52 0.375749 0.028 0.062874
1 0.543 0.398204 0.034 0.077844
1 0.547 0.356287 0.038 0.05988
1 0.571 0.401198 0.038 0.077844
1 0.589 0.353293 0.038 0.071856
1 0.617 0.368263 0.034 0.065868
1 0.639 0.408683 0.034 0.062874
1 0.613 0.443114 0.042 0.065868
1 0.675 0.429641 0.038 0.068862
1 0.66 0.363772 0.032 0.062874
1 0.693 0.381737 0.034 0.068862
1 0.728 0.41018 0.032 0.065868
1 0.759 0.408683 0.038 0.068862
1 0.813 0.372754 0.038 0.068862
1 0.825 0.434132 0.046 0.077844
1 0.873 0.414671 0.046 0.080838
1 0.913 0.402695 0.042 0.080838
1 0.953 0.396707 0.058 0.098802