1 0.089583 0.3375 0.056944 0.104167
1 0.213889 0.367708 0.058333 0.097917
1 0.213194 0.509375 0.070833 0.127083
1 0.311111 0.673958 0.113889 0.189583
1 0.084722 0.876042 0.163889 0.235417
1 0.025 0.580208 0.047222 0.15625
1 0.438889 0.551042 0.088889 0.139583
1 0.535417 0.580208 0.068056 0.114583
1 0.71875 0.626042 0.145833 0.24375
1 0.584028 0.378125 0.056944 0.10625
1 0.438889 0.394792 0.069444 0.102083
1 0.355556 0.385417 0.072222 0.091667
1 0.688194 0.31875 0.068056 0.116667
1 0.967361 0.5375 0.065278 0.125