1 0.213333 0.386667 0.03 0.044444
1 0.123333 0.452222 0.033333 0.046667
1 0.095 0.48 0.033333 0.044444
1 0.093333 0.514444 0.033333 0.046667
1 0.048333 0.523333 0.056667 0.064444
1 0.310833 0.495556 0.041667 0.053333
1 0.325 0.557778 0.053333 0.071111
1 0.399167 0.592222 0.085 0.1
1 0.436667 0.663333 0.103333 0.131111
1 0.486667 0.808889 0.14 0.177778
1 0.331667 0.453333 0.033333 0.035556
1 0.351667 0.435556 0.023333 0.031111
1 0.380833 0.461111 0.028333 0.037778
1 0.425833 0.484444 0.031667 0.044444
1 0.441667 0.523333 0.053333 0.06
1 0.42 0.44 0.023333 0.035556
1 0.486667 0.461111 0.033333 0.046667
1 0.505833 0.48 0.031667 0.053333
1 0.553333 0.51 0.046667 0.06
1 0.575833 0.471111 0.031667 0.044444
1 0.6025 0.448889 0.028333 0.04
1 0.625833 0.536667 0.051667 0.064444
1 0.663333 0.503333 0.033333 0.055556
1 0.640833 0.462222 0.028333 0.031111
1 0.6625 0.45 0.018333 0.033333
1 0.721667 0.446667 0.03 0.044444
1 0.7325 0.535556 0.045 0.062222
1 0.6875 0.632222 0.091667 0.131111
1 0.546667 0.588889 0.07 0.08
1 0.4775 0.538889 0.051667 0.06
1 0.835 0.566667 0.063333 0.088889
1 0.788333 0.488889 0.033333 0.062222
1 0.7925 0.453333 0.041667 0.048889
1 0.8825 0.486667 0.038333 0.057778
1 0.911667 0.504444 0.046667 0.066667
1 0.958333 0.545556 0.046667 0.077778
1 0.955833 0.718889 0.085 0.14
1 0.934167 0.854444 0.131667 0.202222