1 0.184062 0.77875 0.130625 0.2025
1 0.126562 0.63625 0.081875 0.115833
1 0.131562 0.541667 0.070625 0.088333
1 0.071875 0.51875 0.04875 0.079167
1 0.06625 0.486667 0.045 0.06
1 0.031563 0.49 0.034375 0.058333
1 0.013125 0.420417 0.0225 0.055833
1 0.111562 0.415 0.033125 0.05
1 0.1225 0.459167 0.02875 0.04
1 0.138125 0.47375 0.03375 0.049167
1 0.16375 0.499583 0.04125 0.065833
1 0.207813 0.5275 0.044375 0.073333
1 0.269688 0.546667 0.053125 0.085
1 0.32 0.607083 0.07375 0.114167
1 0.246875 0.459583 0.0375 0.055833
1 0.206875 0.45375 0.0375 0.0575
1 0.204375 0.405 0.0325 0.043333
1 0.300312 0.474167 0.034375 0.058333
1 0.32 0.462083 0.02875 0.050833
1 0.30375 0.43875 0.025 0.035833
1 0.293125 0.409167 0.035 0.053333
1 0.387813 0.505 0.039375 0.07
1 0.45625 0.738333 0.1175 0.191667
1 0.568438 0.589583 0.063125 0.110833
1 0.581875 0.544167 0.045 0.076667
1 0.477187 0.4975 0.040625 0.075
1 0.430937 0.542083 0.050625 0.0825
1 0.424687 0.475833 0.033125 0.058333
1 0.51125 0.44875 0.02875 0.045833
1 0.504375 0.425833 0.03125 0.04
1 0.567813 0.45375 0.030625 0.049167
1 0.601875 0.467083 0.03375 0.065833
1 0.6125 0.43625 0.02625 0.0475
1 0.651875 0.476667 0.03125 0.053333
1 0.654375 0.450833 0.03375 0.04
1 0.695 0.476667 0.03625 0.066667
1 0.724375 0.445 0.02875 0.05
1 0.759687 0.500833 0.040625 0.078333
1 0.719063 0.57 0.063125 0.111667
1 0.7075 0.693333 0.08875 0.156667
1 0.880938 0.650417 0.100625 0.159167
1 0.855625 0.527083 0.05 0.074167
1 0.847812 0.46 0.039375 0.066667
1 0.8175 0.4625 0.03125 0.053333
1 0.932813 0.49375 0.034375 0.0575
1 0.972812 0.555417 0.054375 0.099167
1 0.975938 0.48875 0.048125 0.075833