1 0.020794 0.530828 0.030656 0.066723
1 0.160884 0.571157 0.057985 0.11022
1 0.166231 0.47614 0.034933 0.069679
1 0.202115 0.539485 0.041112 0.074747
1 0.101117 0.607264 0.043489 0.07348
1 0.252495 0.592272 0.079135 0.143159
1 0.321649 0.740709 0.151854 0.359797
1 0.321649 0.551309 0.046816 0.078125
1 0.279705 0.534628 0.04135 0.092061
1 0.380703 0.583404 0.038973 0.083193
1 0.38914 0.554265 0.036359 0.069679
1 0.442609 0.584248 0.042538 0.091639
1 0.5202 0.61402 0.081749 0.161318
1 0.575689 0.574958 0.040637 0.085726
1 0.614187 0.585938 0.034933 0.08826
1 0.522576 0.426309 0.029468 0.064611
1 0.902804 0.60853 0.038973 0.070946
1 0.92336 0.635135 0.049667 0.086993