1 0.084375 0.486052 0.06875 0.130901
1 0.16625 0.428112 0.0425 0.083691
1 0.206875 0.416309 0.03125 0.06867
1 0.254375 0.417382 0.02625 0.05794
1 0.294375 0.465665 0.06125 0.11588
1 0.3325 0.41309 0.0325 0.05794
1 0.355 0.409871 0.025 0.04721
1 0.370625 0.393777 0.02125 0.040773
1 0.383125 0.409871 0.01875 0.034335
1 0.3925 0.387339 0.0225 0.040773
1 0.410625 0.430258 0.02375 0.045064
1 0.45125 0.400215 0.025 0.045064
1 0.474375 0.405579 0.01625 0.038627
1 0.4975 0.519313 0.0775 0.16309
1 0.5275 0.463519 0.0275 0.072961
1 0.533125 0.361588 0.02375 0.036481
1 0.64125 0.445279 0.03 0.066524
1 0.67125 0.464592 0.03 0.070815
1 0.718125 0.517167 0.07625 0.137339
1 0.715 0.437768 0.025 0.055794
1 0.748125 0.422747 0.01875 0.030043
1 0.760625 0.447425 0.01875 0.045064
1 0.786875 0.448498 0.03375 0.064378
1 0.81625 0.447425 0.0325 0.075107
1 0.8425 0.472103 0.0375 0.06867
1 0.848125 0.378755 0.02625 0.036481
1 0.9175 0.582618 0.07 0.118026
1 0.935 0.784335 0.13 0.38412
1 0.965 0.287554 0.065 0.128755