1 0.049 0.3 0.03 0.054545
1 0.028 0.333333 0.04 0.066667
1 0.096 0.393939 0.056 0.090909
1 0.156 0.34697 0.052 0.087879
1 0.203 0.309091 0.038 0.060606
1 0.228 0.259091 0.028 0.051515
1 0.212 0.534848 0.088 0.130303
1 0.145 0.775758 0.126 0.163636
1 0.336 0.40303 0.06 0.10303
1 0.519 0.510606 0.082 0.154545
1 0.522 0.395455 0.056 0.1
1 0.549 0.333333 0.046 0.078788
1 0.49 0.301515 0.032 0.057576
1 0.427 0.269697 0.026 0.048485
1 0.379 0.316667 0.038 0.063636
1 0.335 0.322727 0.042 0.075758
1 0.278 0.322727 0.04 0.063636
1 0.288 0.268182 0.032 0.051515
1 0.307 0.239394 0.03 0.054545
1 0.343 0.25 0.03 0.045455
1 0.665 0.315152 0.038 0.060606
1 0.714 0.345455 0.04 0.078788
1 0.799 0.431818 0.05 0.081818
1 0.915 0.49697 0.078 0.145455
1 0.911 0.378788 0.054 0.066667
1 0.769 0.165152 0.038 0.057576