1 0.845 0.249249 0.026 0.048048
1 0.726 0.264264 0.024 0.042042
1 0.461 0.303303 0.026 0.048048
1 0.405 0.291291 0.026 0.048048
1 0.585 0.785285 0.094 0.165165
1 0.612 0.588589 0.068 0.09009
1 0.733 0.468468 0.05 0.096096
1 0.881 0.591592 0.098 0.144144
1 0.978 0.551051 0.044 0.105105
1 0.859 0.445946 0.05 0.069069
1 0.856 0.493994 0.064 0.081081
1 0.868 0.39039 0.04 0.06006
1 0.917 0.394895 0.03 0.069069
1 0.934 0.42042 0.056 0.078078
1 0.968 0.468468 0.064 0.084084
1 0.915 0.495495 0.046 0.096096
1 0.776 0.42042 0.032 0.054054
1 0.78 0.372372 0.036 0.054054
1 0.709 0.418919 0.054 0.069069
1 0.66 0.427928 0.04 0.069069
1 0.663 0.376877 0.042 0.063063
1 0.625 0.432432 0.042 0.072072
1 0.601 0.394895 0.038 0.063063
1 0.435 0.527027 0.054 0.087087
1 0.447 0.474474 0.034 0.06006
1 0.467 0.430931 0.03 0.051051
1 0.43 0.417417 0.04 0.072072
1 0.376 0.441441 0.036 0.06006
1 0.334 0.509009 0.064 0.105105
1 0.331 0.423423 0.042 0.078078
1 0.307 0.486486 0.046 0.078078
1 0.355 0.81982 0.122 0.186186
1 0.323 0.624625 0.082 0.126126
1 0.2 0.668168 0.104 0.129129
1 0.205 0.531532 0.074 0.096096
1 0.235 0.472973 0.046 0.075075
1 0.245 0.421922 0.042 0.063063
1 0.19 0.436937 0.044 0.081081
1 0.14 0.462462 0.056 0.084084
1 0.101 0.475976 0.058 0.075075
1 0.055 0.539039 0.066 0.105105
1 0.044 0.765766 0.084 0.198198
1 0.025 0.366366 0.046 0.072072
1 0.028 0.328829 0.044 0.081081
1 0.084 0.277778 0.032 0.051051