1 0.1012 0.538591 0.052 0.100671
1 0.1992 0.292785 0.0224 0.055369
1 0.2344 0.276846 0.0256 0.053691
1 0.2788 0.237416 0.02 0.048658
1 0.3124 0.240772 0.0168 0.045302
1 0.308 0.206376 0.0192 0.040268
1 0.3308 0.228188 0.0184 0.050336
1 0.3488 0.218121 0.0176 0.050336
1 0.3692 0.26594 0.0184 0.052013
1 0.3636 0.196309 0.0168 0.036913
1 0.3876 0.191275 0.02 0.04698
1 0.3972 0.241611 0.02 0.043624
1 0.4324 0.32802 0.0248 0.048658
1 0.472 0.246644 0.0208 0.053691
1 0.4336 0.191275 0.0176 0.040268
1 0.4432 0.160235 0.016 0.035235
1 0.456 0.162752 0.0128 0.030201
1 0.4792 0.171141 0.0192 0.040268
1 0.4948 0.203859 0.0168 0.041946
1 0.494 0.151846 0.0152 0.035235
1 0.518 0.165268 0.0168 0.048658
1 0.5496 0.216443 0.016 0.040268
1 0.5276 0.154362 0.0136 0.040268
1 0.5528 0.135906 0.0144 0.036913
1 0.5612 0.160235 0.0152 0.041946
1 0.5772 0.135067 0.0168 0.035235
1 0.5984 0.125 0.016 0.041946
1 0.608 0.156879 0.016 0.038591
1 0.6012 0.187919 0.0152 0.040268
1 0.622 0.197148 0.0168 0.041946
1 0.6296 0.128356 0.016 0.041946
1 0.652 0.145134 0.0176 0.038591
1 0.6636 0.134228 0.0136 0.036913
1 0.6888 0.134228 0.0128 0.036913
1 0.7076 0.154362 0.0152 0.040268
1 0.6888 0.163591 0.0176 0.041946
1 0.6556 0.183725 0.0184 0.038591
1 0.5752 0.330537 0.0256 0.053691
1 0.5984 0.386745 0.0272 0.068792
1 0.61 0.291107 0.0248 0.055369
1 0.6608 0.254195 0.0208 0.055369
1 0.6952 0.217282 0.0192 0.045302
1 0.7288 0.262584 0.0208 0.052013
1 0.7412 0.229027 0.0152 0.041946
1 0.7452 0.189597 0.0152 0.040268
1 0.7208 0.399329 0.0288 0.073826
1 0.658 0.397651 0.0328 0.067114
1 0.7916 0.447987 0.0344 0.097315
1 0.8716 0.483221 0.0296 0.080537
1 0.886 0.396812 0.0264 0.065436
1 0.8468 0.373322 0.0248 0.062081
1 0.8104 0.29698 0.0208 0.057047
1 0.752 0.288591 0.0224 0.053691
1 0.7964 0.248322 0.0168 0.050336
1 0.7772 0.205537 0.0152 0.038591
1 0.77 0.17953 0.0136 0.030201
1 0.8084 0.192114 0.0168 0.041946
1 0.8196 0.225671 0.02 0.045302
1 0.8396 0.212248 0.0152 0.038591
1 0.868 0.227349 0.0128 0.038591
1 0.8756 0.223993 0.0104 0.041946
1 0.8976 0.258389 0.0128 0.043624
1 0.8868 0.292785 0.0152 0.045302
1 0.8644 0.315436 0.02 0.053691
1 0.9056 0.23406 0.016 0.041946
1 0.928 0.268456 0.016 0.04698
1 0.9464 0.244128 0.0144 0.045302
1 0.9216 0.323826 0.0208 0.060403
1 0.944 0.379195 0.0224 0.067114
1 0.9524 0.434564 0.0216 0.07047
1 0.9716 0.363255 0.0168 0.052013
1 0.968 0.327181 0.0128 0.033557
1 0.9736 0.303691 0.0128 0.036913
1 0.9812 0.25755 0.0152 0.041946