1 0.2 0.610653 0.092 0.156039
1 0.30425 0.419355 0.0645 0.112528
1 0.37125 0.46024 0.0505 0.090773
1 0.4835 0.277194 0.044 0.099775
1 0.51075 0.297449 0.0265 0.045761
1 0.5445 0.30195 0.019 0.04126
1 0.538 0.378095 0.027 0.051013
1 0.612 0.442611 0.047 0.091523
1 0.59 0.380345 0.035 0.067517
1 0.614 0.362716 0.032 0.057764
1 0.6625 0.329332 0.022 0.036009
1 0.7615 0.471118 0.067 0.129032
1 0.79375 0.368717 0.0345 0.050263
1 0.86175 0.295574 0.0505 0.085521
1 0.95475 0.362716 0.0345 0.062266
1 0.4325 0.352588 0.039 0.061515