1 0.581928 0.30621 0.040964 0.085653
1 0.53253 0.191649 0.016867 0.036403
1 0.591566 0.159529 0.014458 0.03212
1 0.625301 0.202355 0.019277 0.03212
1 0.672892 0.182013 0.015663 0.034261
1 0.674699 0.204497 0.019277 0.040685
1 0.662651 0.248394 0.024096 0.051392
1 0.709036 0.197002 0.015663 0.038544
1 0.751205 0.197002 0.018072 0.038544
1 0.759639 0.234475 0.022892 0.044968
1 0.749398 0.27409 0.024096 0.047109
1 0.822289 0.264454 0.022892 0.044968
1 0.746386 0.349036 0.03253 0.068522
1 0.809036 0.396146 0.03253 0.072805
1 0.91747 0.401499 0.03253 0.062099