1 0.590833 0.825 0.088333 0.15
1 0.5975 0.6825 0.065 0.115
1 0.6325 0.5925 0.045 0.07
1 0.655 0.5475 0.04 0.08
1 0.564167 0.53875 0.031667 0.0575
1 0.5325 0.58875 0.038333 0.0625
1 0.535 0.55625 0.033333 0.0525
1 0.453333 0.65625 0.066667 0.1125
1 0.4625 0.61625 0.041667 0.0675
1 0.429167 0.43625 0.018333 0.0375
1 0.37 0.44 0.023333 0.04
1 0.411667 0.5275 0.026667 0.04
1 0.345833 0.5375 0.035 0.055
1 0.310833 0.55625 0.035 0.0525
1 0.2825 0.565 0.045 0.08
1 0.2325 0.55125 0.031667 0.0525
1 0.215833 0.57375 0.038333 0.0525
1 0.209167 0.525 0.038333 0.05
1 0.141667 0.63875 0.063333 0.0825
1 0.128333 0.57125 0.04 0.0575
1 0.15 0.55625 0.033333 0.0525
1 0.073333 0.5425 0.033333 0.045
1 0.0225 0.58375 0.035 0.0625
1 0.2575 0.8775 0.118333 0.195
1 0.811667 0.53875 0.03 0.0625
1 0.8375 0.54 0.038333 0.07
1 0.9175 0.6425 0.055 0.11
1 0.956667 0.65625 0.063333 0.1075
1 0.976667 0.59875 0.043333 0.0775