1 0.060677 0.385 0.032926 0.07
1 0.313264 0.230833 0.018815 0.035
1 0.570085 0.125 0.015052 0.03
1 0.779398 0.126667 0.017874 0.043333
1 0.832079 0.130833 0.017874 0.035
1 0.369708 0.194167 0.020696 0.041667
1 0.33302 0.225 0.016933 0.033333
1 0.388053 0.196667 0.019755 0.026667
1 0.425212 0.180833 0.018815 0.035
1 0.357008 0.240833 0.029163 0.051667
1 0.388053 0.259167 0.023518 0.048333
1 0.434149 0.230833 0.021637 0.048333
1 0.445437 0.1875 0.019755 0.041667
1 0.471308 0.2325 0.020696 0.045
1 0.507996 0.310833 0.022578 0.041667
1 0.511289 0.185833 0.019755 0.038333
1 0.531515 0.15 0.018815 0.036667
1 0.555503 0.166667 0.0254 0.05
1 0.565381 0.215 0.022578 0.043333
1 0.59031 0.166667 0.029163 0.046667
1 0.594073 0.126667 0.015992 0.04
1 0.617121 0.1425 0.022578 0.041667
1 0.626529 0.2075 0.020696 0.045
1 0.557855 0.3125 0.024459 0.055
1 0.604892 0.334167 0.030103 0.061667
1 0.606773 0.255 0.026341 0.06
1 0.675917 0.26 0.0254 0.043333
1 0.654751 0.196667 0.020696 0.04
1 0.674036 0.221667 0.021637 0.043333
1 0.710254 0.211667 0.024459 0.053333
1 0.736124 0.156667 0.023518 0.053333
1 0.713076 0.153333 0.020696 0.043333
1 0.724365 0.275 0.026341 0.056667
1 0.772342 0.269167 0.041392 0.061667
1 0.76952 0.220833 0.026341 0.045
1 0.788805 0.199167 0.031044 0.051667
1 0.812324 0.150833 0.019755 0.041667
1 0.861242 0.168333 0.017874 0.036667
1 0.83349 0.218333 0.016933 0.043333
1 0.889464 0.196667 0.019755 0.043333
1 0.863123 0.250833 0.0254 0.051667
1 0.844309 0.313333 0.0254 0.076667
1 0.895579 0.3775 0.033866 0.078333
1 0.926623 0.235 0.024459 0.05
1 0.698495 0.161667 0.015992 0.036667
1 0.583725 0.1425 0.021637 0.035
1 0.773754 0.163333 0.021637 0.046667
1 0.789276 0.155833 0.018815 0.048333
1 0.402634 0.218333 0.018815 0.036667
1 0.530574 0.21 0.020696 0.046667
1 0.742239 0.205 0.022578 0.05
1 0.89699 0.1725 0.01223 0.031667
1 0.920038 0.265 0.020696 0.053333
1 0.849953 0.175 0.019755 0.04