1 0.024 0.435045 0.036 0.072508
1 0.073 0.531722 0.042 0.066465
1 0.084 0.481873 0.036 0.063444
1 0.137 0.466767 0.038 0.063444
1 0.183 0.468278 0.034 0.060423
1 0.18 0.533233 0.032 0.045317
1 0.197 0.564955 0.042 0.060423
1 0.234 0.492447 0.036 0.060423
1 0.305 0.480363 0.034 0.072508
1 0.349 0.468278 0.034 0.060423
1 0.394 0.501511 0.036 0.066465
1 0.45 0.480363 0.036 0.066465
1 0.48 0.463746 0.036 0.063444
1 0.514 0.504532 0.036 0.066465
1 0.55 0.487915 0.036 0.057402
1 0.572 0.540785 0.036 0.066465
1 0.617 0.543807 0.034 0.054381
1 0.604 0.492447 0.032 0.054381
1 0.662 0.513595 0.028 0.048338
1 0.674 0.465257 0.032 0.066465
1 0.685 0.555891 0.038 0.060423
1 0.699 0.530211 0.034 0.057402
1 0.726 0.5 0.032 0.063444
1 0.753 0.530211 0.03 0.057402
1 0.797 0.534743 0.038 0.060423
1 0.801 0.489426 0.034 0.054381
1 0.87 0.522659 0.036 0.072508