1 0.2075 0.81 0.278333 0.38
1 0.058333 0.738889 0.11 0.34
1 0.150833 0.507778 0.075 0.1
1 0.148333 0.421111 0.046667 0.064444
1 0.205 0.474444 0.063333 0.104444
1 0.276667 0.507778 0.093333 0.144444
1 0.283333 0.437778 0.07 0.097778
1 0.356667 0.525556 0.096667 0.153333
1 0.373333 0.424444 0.056667 0.093333
1 0.456667 0.435556 0.05 0.075556
1 0.511667 0.51 0.113333 0.193333
1 0.59 0.517778 0.076667 0.142222
1 0.600833 0.437778 0.051667 0.075556
1 0.590833 0.401111 0.045 0.064444
1 0.6475 0.466667 0.058333 0.088889
1 0.651667 0.42 0.06 0.084444
1 0.740833 0.417778 0.051667 0.084444
1 0.79 0.396667 0.05 0.082222
1 0.776667 0.493333 0.09 0.12
1 0.890833 0.466667 0.078333 0.111111
1 0.95 0.437778 0.066667 0.106667
1 0.966667 0.405556 0.046667 0.073333