1 0.254167 0.514793 0.031667 0.059172
1 0.284167 0.424556 0.028333 0.050296
1 0.343333 0.571006 0.033333 0.059172
1 0.376667 0.448225 0.03 0.06213
1 0.195 0.45858 0.026667 0.053254
1 0.233333 0.389053 0.02 0.044379
1 0.19 0.39497 0.02 0.038462
1 0.179167 0.344675 0.018333 0.038462
1 0.219167 0.315089 0.015 0.026627
1 0.2725 0.29142 0.018333 0.032544
1 0.290833 0.328402 0.018333 0.035503
1 0.325833 0.359467 0.025 0.038462
1 0.341667 0.393491 0.02 0.047337
1 0.264167 0.352071 0.021667 0.04142
1 0.336667 0.266272 0.013333 0.023669
1 0.3625 0.239645 0.015 0.035503
1 0.385 0.284024 0.016667 0.035503
1 0.394167 0.264793 0.018333 0.032544
1 0.389167 0.309172 0.015 0.038462
1 0.426667 0.326923 0.02 0.044379
1 0.43 0.29142 0.013333 0.026627
1 0.443333 0.254438 0.013333 0.023669
1 0.471667 0.273669 0.02 0.032544
1 0.485 0.278107 0.016667 0.029586
1 0.480833 0.227811 0.015 0.023669
1 0.518333 0.210059 0.013333 0.035503
1 0.5425 0.207101 0.011667 0.029586
1 0.54 0.25 0.016667 0.032544
1 0.570833 0.22929 0.015 0.032544
1 0.603333 0.233728 0.013333 0.023669
1 0.565833 0.260355 0.011667 0.023669
1 0.569167 0.313609 0.018333 0.035503
1 0.543333 0.331361 0.02 0.047337
1 0.531667 0.303254 0.02 0.032544
1 0.505833 0.366864 0.021667 0.04142
1 0.461667 0.349112 0.023333 0.04142
1 0.571667 0.436391 0.033333 0.056213
1 0.57 0.390533 0.02 0.04142
1 0.5925 0.33432 0.018333 0.029586
1 0.615833 0.378698 0.021667 0.035503
1 0.595 0.37574 0.02 0.035503
1 0.62 0.41568 0.026667 0.050296
1 0.62 0.282544 0.02 0.032544
1 0.635 0.252959 0.013333 0.026627
1 0.649167 0.292899 0.018333 0.035503
1 0.656667 0.258876 0.016667 0.032544
1 0.680833 0.298817 0.018333 0.04142
1 0.698333 0.284024 0.013333 0.035503
1 0.714167 0.340237 0.021667 0.04142
1 0.7 0.359467 0.016667 0.032544
1 0.755833 0.313609 0.021667 0.053254
1 0.7925 0.362426 0.018333 0.044379
1 0.681667 0.529586 0.04 0.065089
1 0.531667 0.704142 0.043333 0.088757
1 0.441667 0.559172 0.04 0.076923