1 0.082917 0.538961 0.089167 0.125541
1 0.038333 0.616162 0.07 0.167388
1 0.082917 0.393939 0.035833 0.069264
1 0.132083 0.294372 0.024167 0.054834
1 0.125 0.422078 0.038333 0.070707
1 0.238333 0.458874 0.068333 0.121212
1 0.22875 0.379509 0.030833 0.049062
1 0.285833 0.421356 0.035 0.075036
1 0.278333 0.734488 0.17 0.279942
1 0.365833 0.459596 0.056667 0.088023
1 0.429583 0.387446 0.024167 0.041847
1 0.469167 0.378788 0.02 0.038961
1 0.51 0.380231 0.02 0.044733
1 0.50375 0.480519 0.074167 0.132756
1 0.5425 0.394661 0.02 0.041847
1 0.54875 0.367244 0.020833 0.044733
1 0.61625 0.47114 0.070833 0.119769
1 0.6975 0.253247 0.055 0.102453
1 0.925 0.626263 0.131667 0.248196
1 0.897083 0.487013 0.099167 0.165945