1 0.109167 0.582222 0.085 0.146667
1 0.1675 0.483333 0.055 0.095556
1 0.208333 0.442222 0.046667 0.066667
1 0.248333 0.67 0.14 0.202222
1 0.308333 0.437778 0.043333 0.071111
1 0.3675 0.405556 0.031667 0.055556
1 0.429167 0.522222 0.055 0.093333
1 0.405 0.464444 0.046667 0.075556
1 0.481667 0.433333 0.046667 0.071111
1 0.4925 0.62 0.111667 0.155556
1 0.6125 0.538889 0.085 0.126667
1 0.555 0.481111 0.056667 0.104444
1 0.56 0.428889 0.036667 0.044444
1 0.546667 0.397778 0.026667 0.044444
1 0.65 0.418889 0.033333 0.06
1 0.674167 0.49 0.055 0.095556
1 0.7475 0.528889 0.061667 0.115556
1 0.773333 0.418889 0.04 0.077778
1 0.844167 0.485556 0.071667 0.104444
1 0.915833 0.476667 0.055 0.086667
1 0.935 0.452222 0.043333 0.082222