1 0.16 0.341667 0.075 0.103333
1 0.04875 0.453333 0.0375 0.046667
1 0.24375 0.513333 0.0475 0.08
1 0.29625 0.555 0.0675 0.096667
1 0.24875 0.445 0.0375 0.05
1 0.27 0.473333 0.03 0.04
1 0.2875 0.421667 0.03 0.043333
1 0.36375 0.443333 0.0475 0.086667
1 0.4 0.44 0.03 0.053333
1 0.40125 0.405 0.0275 0.036667
1 0.45375 0.408333 0.0325 0.05
1 0.4325 0.495 0.04 0.063333
1 0.48875 0.505 0.0425 0.07
1 0.55 0.441667 0.035 0.056667
1 0.50875 0.42 0.0275 0.046667
1 0.525 0.406667 0.02 0.04
1 0.48625 0.383333 0.0225 0.04
1 0.55625 0.375 0.0175 0.036667
1 0.57375 0.403333 0.0175 0.04
1 0.61375 0.376667 0.0275 0.046667
1 0.64 0.435 0.025 0.05
1 0.6125 0.46 0.04 0.06
1 0.66625 0.403333 0.0275 0.046667
1 0.7175 0.426667 0.03 0.046667
1 0.72625 0.396667 0.0225 0.04
1 0.70875 0.373333 0.0275 0.046667
1 0.78 0.398333 0.045 0.07
1 0.8375 0.39 0.04 0.066667
1 0.77 0.508333 0.065 0.09
1 0.77125 0.64 0.1025 0.166667
1 0.55625 0.613333 0.0825 0.126667
1 0.955 0.615 0.09 0.236667
1 0.9225 0.526667 0.06 0.113333
1 0.885 0.476667 0.055 0.086667
1 0.93625 0.441667 0.0425 0.07
1 0.9125 0.375 0.035 0.07