1 0.198864 0.455387 0.049242 0.099327
1 0.253788 0.421717 0.043561 0.089226
1 0.236742 0.242424 0.017045 0.037037
1 0.349432 0.26936 0.018939 0.043771
1 0.367424 0.26431 0.017045 0.043771
1 0.419508 0.228114 0.018939 0.035354
1 0.442235 0.231481 0.017045 0.035354
1 0.450284 0.185185 0.014205 0.030303
1 0.474432 0.194444 0.018939 0.042088
1 0.45928 0.152357 0.011364 0.018519
1 0.46875 0.146465 0.00947 0.016835
1 0.485795 0.12963 0.011364 0.020202
1 0.520833 0.073232 0.011364 0.021886
1 0.555871 0.150673 0.015152 0.025253
1 0.582386 0.147306 0.015152 0.02862
1 0.491004 0.296296 0.025568 0.050505
1 0.429924 0.28367 0.022727 0.052189
1 0.538826 0.198653 0.028409 0.043771
1 0.738163 0.058923 0.008523 0.026936
1 0.681345 0.158249 0.017992 0.037037
1 0.659091 0.247475 0.018939 0.047138
1 0.712595 0.28367 0.027462 0.058923
1 0.712121 0.143098 0.015152 0.026936
1 0.735795 0.159933 0.013258 0.026936
1 0.740057 0.144781 0.016098 0.03367
1 0.752841 0.171717 0.013258 0.030303
1 0.758049 0.300505 0.027462 0.055556
1 0.796402 0.189394 0.017045 0.038721
1 0.809659 0.123737 0.011364 0.025253
1 0.916667 0.085859 0.00947 0.023569
1 0.870739 0.228114 0.016098 0.052189
1 0.519886 0.164141 0.018939 0.031987