1 0.47375 0.703333 0.1975 0.26
1 0.61125 0.57 0.145 0.203333
1 0.755625 0.4625 0.12625 0.201667
1 0.850625 0.431667 0.09625 0.16
1 0.9075 0.39 0.08 0.13
1 0.965625 0.3575 0.06125 0.121667
1 0.134375 0.428333 0.10125 0.143333
1 0.29125 0.409167 0.0825 0.131667
1 0.46875 0.3525 0.08 0.105
1 0.50875 0.324167 0.0625 0.105
1 0.60375 0.294167 0.05 0.105
1 0.655 0.286667 0.0475 0.083333
1 0.684375 0.249167 0.05125 0.075
1 0.729375 0.265833 0.04375 0.075
1 0.76875 0.25 0.0425 0.063333
1 0.795625 0.245833 0.03875 0.065
1 0.809375 0.220833 0.04125 0.065
1 0.84125 0.219167 0.035 0.058333
1 0.868125 0.220833 0.03125 0.048333
1 0.883125 0.2025 0.03125 0.058333
1 0.081875 0.316667 0.06125 0.08
1 0.210625 0.276667 0.07375 0.09
1 0.300625 0.295833 0.05875 0.085
1 0.371875 0.264167 0.05125 0.078333
1 0.438125 0.239167 0.05125 0.071667
1 0.485625 0.231667 0.04375 0.07
1 0.516875 0.2225 0.04375 0.058333
1 0.56875 0.218333 0.0375 0.066667
1 0.59875 0.215833 0.035 0.058333
1 0.64875 0.210833 0.035 0.048333
1 0.66125 0.2 0.025 0.046667
1 0.7 0.203333 0.025 0.036667
1 0.019375 0.248333 0.03375 0.076667
1 0.028125 0.22 0.03375 0.063333
1 0.083125 0.250833 0.04375 0.068333
1 0.079375 0.215 0.03875 0.046667
1 0.13 0.195833 0.0475 0.061667
1 0.1575 0.231667 0.05 0.073333
1 0.20625 0.221667 0.0425 0.05
1 0.195 0.196667 0.035 0.036667
1 0.235625 0.196667 0.03125 0.056667
1 0.261875 0.215833 0.03875 0.061667
1 0.27875 0.184167 0.03 0.045
1 0.3275 0.1775 0.0275 0.048333
1 0.314375 0.218333 0.03125 0.06
1 0.364375 0.209167 0.02625 0.055
1 0.355625 0.1675 0.02875 0.045
1 0.405 0.208333 0.03 0.056667
1 0.401875 0.173333 0.03375 0.043333
1 0.424375 0.2025 0.02375 0.035
1 0.4625 0.193333 0.0325 0.043333
1 0.516875 0.189167 0.02875 0.035
1 0.54375 0.185 0.0275 0.04