1 0.18875 0.54625 0.124167 0.225
1 0.092917 0.416875 0.080833 0.14375
1 0.075417 0.324375 0.070833 0.09375
1 0.20125 0.35 0.0575 0.085
1 0.2325 0.299375 0.041667 0.05875
1 0.30625 0.32375 0.050833 0.075
1 0.302917 0.405 0.069167 0.125
1 0.41875 0.381875 0.054167 0.10375
1 0.4775 0.456875 0.095 0.17875
1 0.4125 0.273125 0.031667 0.07125
1 0.446667 0.285 0.031667 0.0575
1 0.487917 0.325625 0.0375 0.06375
1 0.5175 0.2875 0.031667 0.055
1 0.555417 0.314375 0.034167 0.06875
1 0.6375 0.42625 0.081667 0.1375
1 0.621667 0.336875 0.04 0.07125
1 0.63 0.2975 0.031667 0.05
1 0.6875 0.335 0.04 0.07
1 0.755417 0.320625 0.030833 0.06625
1 0.79875 0.328125 0.0375 0.06375
1 0.83875 0.3875 0.0575 0.095
1 0.900833 0.385 0.058333 0.1075