1 0.04875 0.639167 0.0525 0.061667
1 0.07 0.685833 0.05 0.051667
1 0.114375 0.75 0.06875 0.086667
1 0.173125 0.823333 0.09875 0.11
1 0.309375 0.759167 0.08125 0.088333
1 0.244375 0.668333 0.05625 0.086667
1 0.17 0.6625 0.0575 0.075
1 0.166875 0.6 0.04625 0.063333
1 0.226875 0.61 0.04375 0.06
1 0.3 0.664167 0.0475 0.055
1 0.381875 0.669167 0.05375 0.065
1 0.406875 0.648333 0.04875 0.053333
1 0.35375 0.600833 0.04 0.045
1 0.451875 0.6 0.04375 0.053333
1 0.546875 0.648333 0.04875 0.063333
1 0.524375 0.679167 0.04875 0.055
1 0.488125 0.743333 0.07875 0.096667
1 0.496875 0.8175 0.10625 0.141667
1 0.5375 0.590833 0.0325 0.041667
1 0.604375 0.4475 0.02375 0.041667
1 0.64 0.605833 0.035 0.055
1 0.67125 0.644167 0.0475 0.065
1 0.670625 0.6875 0.05875 0.055
1 0.69 0.741667 0.075 0.103333
1 0.731875 0.604167 0.03625 0.058333
1 0.7525 0.65 0.045 0.066667
1 0.8225 0.6875 0.0625 0.075
1 0.87 0.726667 0.07 0.086667
1 0.84625 0.804167 0.125 0.175