1 0.243333 0.690344 0.093333 0.135405
1 0.434167 0.832408 0.108333 0.170921
1 0.58125 0.613208 0.0475 0.065483
1 0.684583 0.574362 0.040833 0.056604
1 0.890417 0.655383 0.060833 0.09434
1 0.915833 0.596559 0.053333 0.072142
1 0.514167 0.553274 0.041667 0.063263
1 0.41625 0.551609 0.054167 0.064373
1 0.3925 0.534961 0.03 0.044395
1 0.322917 0.49889 0.024167 0.032186
1 0.285833 0.49889 0.033333 0.038846
1 0.267083 0.495006 0.025833 0.031077
1 0.210833 0.553829 0.045 0.055494
1 0.19875 0.50444 0.035833 0.038846
1 0.11 0.536626 0.041667 0.049945
1 0.095 0.488901 0.036667 0.036626
1 0.036667 0.513873 0.04 0.044395
1 0.015417 0.638735 0.029167 0.056604