1 0.2225 0.352273 0.025 0.05303
1 0.0425 0.642045 0.06 0.094697
1 0.025 0.820076 0.045 0.117424
1 0.1125 0.869318 0.095 0.155303
1 0.10125 0.770833 0.0625 0.087121
1 0.1475 0.683712 0.055 0.079545
1 0.1475 0.640152 0.05 0.068182
1 0.20125 0.623106 0.0475 0.064394
1 0.19375 0.583333 0.0425 0.068182
1 0.2725 0.753788 0.065 0.098485
1 0.2675 0.698864 0.06 0.07197
1 0.31125 0.621212 0.0425 0.068182
1 0.28625 0.568182 0.0425 0.068182
1 0.31125 0.861742 0.0875 0.132576
1 0.5125 0.886364 0.085 0.136364
1 0.5925 0.941288 0.105 0.117424
1 0.55625 0.767045 0.0625 0.094697
1 0.41375 0.719697 0.0525 0.075758
1 0.42625 0.676136 0.0425 0.07197
1 0.3825 0.566288 0.04 0.064394
1 0.47875 0.577652 0.0375 0.07197
1 0.46875 0.541667 0.0325 0.060606
1 0.53875 0.638258 0.0425 0.087121
1 0.56875 0.581439 0.0375 0.064394
1 0.6525 0.598485 0.04 0.068182
1 0.67375 0.668561 0.0625 0.087121
1 0.705 0.784091 0.07 0.121212
1 0.725 0.609848 0.05 0.083333
1 0.795 0.6875 0.06 0.102273
1 0.865 0.861742 0.085 0.147727
1 0.8825 0.647727 0.065 0.090909
1 0.94375 0.6875 0.0725 0.094697