1 0.124595 0.500704 0.046926 0.097183
1 0.219256 0.340845 0.021036 0.039437
1 0.284385 0.294366 0.018608 0.028169
1 0.266586 0.329577 0.025081 0.03662
1 0.358414 0.28662 0.017799 0.032394
1 0.38754 0.249296 0.019417 0.033803
1 0.406958 0.256338 0.019417 0.033803
1 0.288835 0.352113 0.021036 0.04507
1 0.334142 0.367606 0.024272 0.039437
1 0.353964 0.325352 0.020227 0.042254
1 0.37945 0.328169 0.019417 0.030986
1 0.403317 0.287324 0.023463 0.039437
1 0.404531 0.335211 0.02589 0.039437
1 0.433252 0.300704 0.021845 0.040845
1 0.442557 0.250704 0.019417 0.03662
1 0.468447 0.229577 0.014563 0.03662
1 0.46157 0.264789 0.023463 0.033803
1 0.458333 0.321127 0.021845 0.042254
1 0.504045 0.317606 0.022654 0.043662
1 0.498382 0.257042 0.011327 0.040845
1 0.514968 0.238028 0.013754 0.028169
1 0.528317 0.264085 0.021036 0.052113
1 0.544903 0.242254 0.021845 0.03662
1 0.552589 0.210563 0.012945 0.021127
1 0.607201 0.194366 0.015372 0.033803
1 0.57322 0.278873 0.026699 0.039437
1 0.58212 0.246479 0.025081 0.033803
1 0.621359 0.210563 0.012945 0.035211
1 0.63754 0.242958 0.024272 0.035211
1 0.656149 0.209155 0.017799 0.032394
1 0.66788 0.222535 0.013754 0.030986
1 0.680421 0.223239 0.021036 0.043662
1 0.669094 0.262676 0.024272 0.040845
1 0.696602 0.240141 0.017799 0.032394
1 0.496764 0.371831 0.027508 0.053521
1 0.53034 0.34507 0.028317 0.056338
1 0.597492 0.319014 0.025081 0.046479
1 0.630663 0.285915 0.023463 0.050704
1 0.539239 0.398592 0.029935 0.047887
1 0.584547 0.432394 0.031553 0.070423
1 0.644822 0.333803 0.021036 0.03662
1 0.673544 0.321127 0.023463 0.03662
1 0.657767 0.367606 0.02589 0.042254
1 0.637136 0.460563 0.041262 0.076056
1 0.691343 0.34507 0.018608 0.042254
1 0.716019 0.285211 0.021036 0.035211
1 0.730178 0.25493 0.01699 0.042254
1 0.746359 0.21831 0.015372 0.030986
1 0.771845 0.233099 0.016181 0.026761
1 0.767395 0.279577 0.01699 0.032394
1 0.754854 0.25493 0.016181 0.028169
1 0.732201 0.382394 0.024272 0.052113
1 0.701052 0.487324 0.039644 0.078873
1 0.759304 0.416901 0.028317 0.056338
1 0.808252 0.297887 0.017799 0.035211
1 0.813511 0.266901 0.01699 0.032394
1 0.804207 0.357746 0.024272 0.047887
1 0.816748 0.498592 0.029935 0.061972
1 0.828074 0.429577 0.025081 0.056338
1 0.862055 0.25 0.015372 0.035211
1 0.847087 0.269014 0.024272 0.03662
1 0.832929 0.306338 0.01699 0.046479
1 0.846278 0.304225 0.017799 0.03662
1 0.871764 0.316901 0.020227 0.03662
1 0.885113 0.280282 0.019417 0.039437
1 0.852346 0.362676 0.020227 0.046479
1 0.868528 0.366197 0.023463 0.04507
1 0.892395 0.382394 0.021036 0.035211
1 0.900081 0.459859 0.028317 0.046479
1 0.925971 0.261972 0.015372 0.03662
1 0.906958 0.31338 0.016181 0.032394
1 0.925566 0.360563 0.024272 0.053521
1 0.929207 0.311972 0.021845 0.035211
1 0.829288 0.26338 0.016181 0.033803
1 0.815129 0.324648 0.021845 0.046479
1 0.598301 0.225352 0.021845 0.042254
1 0.569175 0.211268 0.013754 0.025352