1 0.159729 0.46563 0.047964 0.090016
1 0.339367 0.223404 0.01448 0.03437
1 0.343439 0.184124 0.013575 0.03437
1 0.479638 0.221768 0.0181 0.03437
1 0.444796 0.219313 0.017195 0.032733
1 0.416742 0.210311 0.013575 0.027823
1 0.413575 0.180851 0.01448 0.02455
1 0.423077 0.153028 0.011765 0.021277
1 0.445701 0.153028 0.011765 0.021277
1 0.450679 0.180851 0.01448 0.031097
1 0.467421 0.187398 0.015385 0.031097
1 0.461991 0.130115 0.009955 0.02455
1 0.477376 0.150573 0.009955 0.022913
1 0.504977 0.149755 0.01267 0.02455
1 0.499095 0.121931 0.011765 0.018003
1 0.520362 0.124386 0.01086 0.026187
1 0.533937 0.187398 0.01448 0.031097
1 0.559276 0.162029 0.01448 0.026187
1 0.532127 0.153846 0.01267 0.022913
1 0.541176 0.12766 0.01086 0.01964
1 0.582353 0.169394 0.015385 0.027823
1 0.597738 0.143208 0.013575 0.027823
1 0.58371 0.112111 0.01086 0.021277
1 0.602715 0.121113 0.00905 0.022913
1 0.617195 0.145663 0.01267 0.036007
1 0.646154 0.141571 0.01267 0.031097
1 0.613122 0.117021 0.008145 0.02455
1 0.60724 0.103928 0.01267 0.021277
1 0.627602 0.101473 0.009955 0.01964
1 0.654299 0.104746 0.00905 0.026187
1 0.674208 0.124386 0.01086 0.01964
1 0.695023 0.123568 0.01086 0.021277
1 0.71448 0.14239 0.013575 0.026187
1 0.704072 0.162029 0.01448 0.026187
1 0.661991 0.188216 0.017195 0.032733
1 0.61991 0.207038 0.01629 0.040917
1 0.632127 0.250409 0.015385 0.042553
1 0.569231 0.253682 0.01991 0.03928
1 0.601357 0.307692 0.028054 0.065466
1 0.549774 0.292144 0.026244 0.047463
1 0.514027 0.283961 0.028959 0.047463
1 0.672851 0.342881 0.029864 0.067103
1 0.661538 0.257774 0.01991 0.047463
1 0.666063 0.220131 0.01629 0.03437
1 0.695023 0.210311 0.01448 0.031097
1 0.711765 0.228314 0.019005 0.040917
1 0.738009 0.175941 0.013575 0.03437
1 0.749774 0.157119 0.013575 0.02946
1 0.747964 0.126023 0.009955 0.022913
1 0.757466 0.12766 0.01267 0.026187
1 0.776923 0.135843 0.011765 0.032733
1 0.766063 0.183306 0.015385 0.036007
1 0.757466 0.340426 0.025339 0.05892
1 0.770588 0.267594 0.020814 0.050736
1 0.802715 0.274141 0.01991 0.040917
1 0.843439 0.306056 0.01991 0.045827
1 0.827602 0.366612 0.026244 0.055646
1 0.906335 0.337152 0.020814 0.052373
1 0.916742 0.283142 0.0181 0.042553
1 0.865158 0.273322 0.01991 0.045827
1 0.873756 0.232406 0.013575 0.036007
1 0.884615 0.211129 0.015385 0.036007
1 0.897285 0.194763 0.011765 0.02946
1 0.899548 0.172668 0.01086 0.027823
1 0.906787 0.161211 0.01086 0.02455
1 0.930769 0.175941 0.013575 0.03437
1 0.938462 0.211948 0.01267 0.031097
1 0.91991 0.239771 0.009955 0.031097
1 0.926244 0.226678 0.011765 0.031097
1 0.837557 0.217676 0.015385 0.036007
1 0.841629 0.198036 0.01448 0.02946
1 0.856109 0.184124 0.01267 0.027823
1 0.866063 0.157938 0.01267 0.03437
1 0.872851 0.148118 0.013575 0.02455
1 0.840271 0.152209 0.013575 0.032733
1 0.822172 0.175123 0.011765 0.026187
1 0.80543 0.200491 0.01267 0.03437
1 0.786425 0.202946 0.01448 0.036007
1 0.78914 0.172668 0.01629 0.021277