1 0.226667 0.372222 0.043333 0.06
1 0.454167 0.401111 0.041667 0.055556
1 0.554167 0.383333 0.041667 0.06
1 0.651667 0.388889 0.043333 0.057778
1 0.815833 0.371111 0.041667 0.066667
1 0.879167 0.531111 0.055 0.075556
1 0.7075 0.581111 0.088333 0.122222
1 0.748333 0.542222 0.063333 0.097778
1 0.701667 0.497778 0.056667 0.075556
1 0.5975 0.646667 0.108333 0.177778
1 0.44 0.727778 0.186667 0.322222
1 0.2875 0.642222 0.115 0.164444
1 0.295833 0.551111 0.065 0.088889
1 0.151667 0.587778 0.076667 0.1
1 0.1575 0.53 0.058333 0.073333