1 0.199065 0.356788 0.046729 0.087748
1 0.256075 0.284768 0.02243 0.039735
1 0.285981 0.271523 0.018692 0.036424
1 0.295327 0.261589 0.020561 0.039735
1 0.303738 0.235099 0.014953 0.029801
1 0.315421 0.25 0.014019 0.029801
1 0.323832 0.259106 0.015888 0.034768
1 0.339252 0.273179 0.018692 0.039735
1 0.36729 0.212748 0.013084 0.031457
1 0.380374 0.216887 0.014953 0.033113
1 0.386449 0.198675 0.015888 0.029801
1 0.406542 0.168874 0.014953 0.029801
1 0.402336 0.233444 0.015888 0.033113
1 0.423832 0.275662 0.023364 0.048013
1 0.435981 0.228477 0.021495 0.039735
1 0.462617 0.230132 0.02243 0.043046
1 0.426168 0.193709 0.014953 0.036424
1 0.457009 0.171358 0.016822 0.034768
1 0.459813 0.148179 0.014953 0.024834
1 0.475701 0.165563 0.013084 0.033113
1 0.487383 0.20447 0.019626 0.038079
1 0.48271 0.13245 0.01215 0.02649
1 0.513551 0.149834 0.015888 0.024834
1 0.520093 0.163907 0.015888 0.033113
1 0.528972 0.194536 0.018692 0.044702
1 0.540187 0.164735 0.018692 0.034768
1 0.531776 0.125 0.014953 0.024834
1 0.547664 0.127483 0.018692 0.02649
1 0.557944 0.162252 0.018692 0.046358
1 0.574766 0.157285 0.014953 0.029801
1 0.588318 0.119205 0.01215 0.029801
1 0.585514 0.104305 0.01215 0.019868
1 0.618692 0.136589 0.016822 0.034768
1 0.607477 0.122517 0.014953 0.02649
1 0.62243 0.101821 0.011215 0.024834
1 0.647196 0.11755 0.01215 0.029801
1 0.647664 0.097682 0.016822 0.023179
1 0.663084 0.120033 0.014019 0.034768
1 0.680374 0.10596 0.018692 0.033113
1 0.569159 0.236755 0.024299 0.049669
1 0.538318 0.305464 0.028037 0.067881
1 0.485514 0.293874 0.025234 0.054636
1 0.587383 0.352649 0.034579 0.069536
1 0.606542 0.260762 0.024299 0.044702
1 0.601402 0.209437 0.019626 0.048013
1 0.641121 0.187914 0.018692 0.038079
1 0.659813 0.200331 0.018692 0.043046
1 0.657944 0.264901 0.020561 0.056291
1 0.671963 0.331126 0.024299 0.059603
1 0.725234 0.306291 0.024299 0.056291
1 0.686449 0.224338 0.021495 0.048013
1 0.699065 0.17798 0.020561 0.044702
1 0.686916 0.15149 0.018692 0.034768
1 0.704206 0.143212 0.017757 0.034768
1 0.726636 0.192881 0.023364 0.051325
1 0.741589 0.236755 0.023364 0.05298
1 0.777103 0.284768 0.027103 0.062914
1 0.819159 0.232616 0.017757 0.044702
1 0.796729 0.178808 0.021495 0.043046
1 0.751402 0.176325 0.018692 0.034768
1 0.739252 0.139901 0.016822 0.041391
1 0.73271 0.11755 0.014953 0.033113
1 0.742991 0.119205 0.011215 0.023179
1 0.755607 0.133278 0.014019 0.038079
1 0.774766 0.121689 0.011215 0.028146
1 0.784112 0.135762 0.013084 0.033113
1 0.80514 0.125828 0.014019 0.033113
1 0.828972 0.141556 0.016822 0.034768
1 0.840654 0.187086 0.015888 0.043046
1 0.859813 0.153146 0.014953 0.031457
1 0.886449 0.134106 0.01028 0.029801
1 0.870093 0.17798 0.016822 0.031457
1 0.864953 0.227649 0.017757 0.048013
1 0.909346 0.283113 0.024299 0.056291
1 0.885047 0.198675 0.018692 0.039735
1 0.896262 0.167219 0.013084 0.029801
1 0.920561 0.203642 0.026168 0.043046
1 0.919626 0.169702 0.018692 0.031457
1 0.921028 0.149834 0.01028 0.021523