1 0.101111 0.376667 0.091111 0.166667
1 0.226667 0.323333 0.044444 0.066667
1 0.294444 0.34 0.042222 0.08
1 0.375556 0.325 0.031111 0.07
1 0.345556 0.328333 0.033333 0.056667
1 0.402222 0.325 0.035556 0.063333
1 0.47 0.301667 0.028889 0.05
1 0.644444 0.358333 0.044444 0.083333
1 0.728889 0.561667 0.048889 0.083333
1 0.502222 0.503333 0.044444 0.066667
1 0.388889 0.528333 0.053333 0.083333
1 0.262222 0.551667 0.053333 0.076667
1 0.738889 0.473333 0.024444 0.046667
1 0.762222 0.455 0.017778 0.036667
1 0.792222 0.381667 0.024444 0.05
1 0.86 0.361667 0.04 0.096667
1 0.854444 0.481667 0.117778 0.17
1 0.971111 0.651667 0.057778 0.103333