1 0.155 0.363363 0.046 0.066066
1 0.212 0.361862 0.032 0.069069
1 0.245 0.337838 0.034 0.063063
1 0.264 0.388889 0.036 0.063063
1 0.293 0.373874 0.03 0.063063
1 0.325 0.34985 0.038 0.063063
1 0.365 0.357357 0.034 0.072072
1 0.391 0.367868 0.03 0.069069
1 0.424 0.369369 0.032 0.072072
1 0.468 0.363363 0.024 0.06006
1 0.495 0.361862 0.026 0.057057
1 0.519 0.358859 0.034 0.075075
1 0.551 0.36036 0.034 0.06006
1 0.581 0.355856 0.034 0.063063
1 0.575 0.400901 0.034 0.057057
1 0.629 0.358859 0.038 0.069069
1 0.688 0.415916 0.032 0.069069
1 0.736 0.406907 0.036 0.069069
1 0.796 0.399399 0.04 0.066066
1 0.842 0.406907 0.052 0.087087
1 0.699 0.552553 0.042 0.072072
1 0.625 0.57958 0.038 0.066066
1 0.59 0.566066 0.032 0.057057
1 0.523 0.551051 0.038 0.063063
1 0.48 0.561562 0.04 0.072072
1 0.402 0.561562 0.04 0.06006
1 0.346 0.564565 0.04 0.06006