1 0.04726 0.528747 0.086301 0.207392
1 0.172603 0.475359 0.10411 0.166324
1 0.144521 0.298768 0.067123 0.096509
1 0.166438 0.279261 0.047945 0.11499
1 0.111644 0.271047 0.050685 0.090349
1 0.367808 0.321355 0.072603 0.10883
1 0.490411 0.10883 0.063014 0.098563
1 0.569178 0.387064 0.1 0.149897
1 0.60137 0.253593 0.068493 0.100616
1 0.562329 0.272074 0.056164 0.100616
1 0.664384 0.244353 0.063014 0.090349
1 0.749315 0.258727 0.068493 0.11499
1 0.707534 0.459959 0.110959 0.172485
1 0.889041 0.62731 0.167123 0.264887
1 0.84726 0.316222 0.078082 0.12731
1 0.896575 0.24846 0.056164 0.094456
1 0.973288 0.213552 0.050685 0.090349