1 0.1375 0.379386 0.034375 0.04386
1 0.058594 0.558114 0.045312 0.067982
1 0.146875 0.508772 0.040625 0.061404
1 0.192188 0.510965 0.028125 0.048246
1 0.244531 0.490132 0.029687 0.046053
1 0.286719 0.487939 0.029687 0.041667
1 0.228906 0.58114 0.048438 0.078947
1 0.278125 0.564693 0.04375 0.072368
1 0.3625 0.532895 0.046875 0.061404
1 0.345313 0.487939 0.028125 0.037281
1 0.382812 0.483553 0.03125 0.041667
1 0.45625 0.505482 0.03125 0.046053
1 0.475781 0.552632 0.039062 0.057018
1 0.514844 0.5 0.029687 0.048246
1 0.542969 0.526316 0.035937 0.052632
1 0.602344 0.492325 0.026562 0.046053
1 0.478125 0.802632 0.121875 0.157895
1 0.667969 0.621711 0.057813 0.107456
1 0.736719 0.570175 0.051562 0.087719
1 0.759375 0.542763 0.0375 0.059211
1 0.792188 0.517544 0.03125 0.04386
1 0.778125 0.913377 0.121875 0.164474
1 0.8625 0.674342 0.06875 0.125
1 0.855469 0.589912 0.048438 0.078947
1 0.879687 0.547149 0.034375 0.059211
1 0.900781 0.52193 0.032813 0.048246