1 0.1642 0.303467 0.0604 0.090667
1 0.224 0.337333 0.0512 0.0656
1 0.2816 0.310667 0.0488 0.082667
1 0.3318 0.312 0.0484 0.0736
1 0.4036 0.290933 0.056 0.0912
1 0.4634 0.313067 0.0444 0.0832
1 0.5162 0.3256 0.0492 0.074133
1 0.569 0.317067 0.046 0.085867
1 0.5962 0.350133 0.0444 0.079467
1 0.6486 0.346133 0.0468 0.091733
1 0.705 0.3712 0.0412 0.0704
1 0.4326 0.633067 0.0628 0.119467
1 0.508 0.606933 0.0584 0.107733
1 0.58 0.404533 0.0528 0.0976
1 0.647 0.5072 0.0612 0.125867
1 0.7126 0.5568 0.0564 0.107733
1 0.7694 0.575733 0.074 0.122133
1 0.8778 0.557333 0.082 0.122667
1 0.8532 0.430933 0.0768 0.109867