1 0.402875 0.324512 0.02925 0.054429
1 0.635125 0.409347 0.02575 0.046922
1 0.681375 0.39283 0.02625 0.049174
1 0.69325 0.339715 0.0305 0.053303
1 0.748125 0.335586 0.02775 0.053303
1 0.83 0.33033 0.0335 0.053303
1 0.921625 0.4497 0.02925 0.0503
1 0.95425 0.467342 0.032 0.0503
1 0.916875 0.595721 0.05275 0.091592
1 0.847 0.545045 0.0425 0.06982
1 0.79075 0.475225 0.037 0.059309
1 0.706125 0.487613 0.03125 0.059309
1 0.740375 0.516892 0.04725 0.082583
1 0.747375 0.581456 0.05825 0.099099
1 0.8325 0.667605 0.077 0.108483
1 0.879625 0.830706 0.10225 0.190691
1 0.375125 0.808371 0.10825 0.170796
1 0.124125 0.793168 0.08825 0.165916
1 0.32475 0.623686 0.0645 0.106231
1 0.379625 0.5747 0.05225 0.083333
1 0.39975 0.524212 0.048 0.079955
1 0.43725 0.494369 0.045 0.066817
1 0.470625 0.467905 0.03125 0.052928
1 0.46925 0.628003 0.073 0.133634
1 0.520875 0.603416 0.05275 0.100976
1 0.525125 0.52515 0.04325 0.06982
1 0.53775 0.48461 0.0375 0.051051
1 0.536625 0.452327 0.02975 0.051051
1 0.314 0.448574 0.0375 0.056306
1 0.273 0.460586 0.039 0.059309
1 0.235875 0.509009 0.04375 0.064565
1 0.251875 0.447447 0.03275 0.056306
1 0.150125 0.54711 0.05125 0.073949
1 0.18 0.472035 0.0405 0.052928
1 0.118875 0.498311 0.04725 0.065691
1 0.10325 0.441254 0.037 0.052177
1 0.054375 0.523273 0.05275 0.08033
1 0.03275 0.580893 0.064 0.089715
1 0.02275 0.472598 0.0395 0.060811
1 0.048375 0.439189 0.03125 0.0503