1 0.066667 0.424074 0.097917 0.188889
1 0.257812 0.337037 0.069792 0.159259
1 0.342708 0.265741 0.039583 0.07963
1 0.36875 0.257407 0.033333 0.07037
1 0.4125 0.299074 0.04375 0.087037
1 0.45 0.268519 0.0375 0.077778
1 0.505729 0.239815 0.030208 0.068519
1 0.44375 0.483333 0.114583 0.255556
1 0.613021 0.349074 0.063542 0.138889
1 0.582292 0.256481 0.035417 0.072222
1 0.6 0.22037 0.029167 0.062963
1 0.634896 0.298148 0.040625 0.1
1 0.650521 0.260185 0.042708 0.07963
1 0.671875 0.236111 0.027083 0.064815
1 0.761979 0.351852 0.090625 0.203704
1 0.758333 0.22037 0.0375 0.077778
1 0.770312 0.200926 0.030208 0.061111
1 0.80625 0.252778 0.041667 0.094444
1 0.878646 0.241667 0.059375 0.127778
1 0.939063 0.359259 0.080208 0.174074