1 0.11875 0.529494 0.0425 0.070225
1 0.22 0.343399 0.016667 0.035112
1 0.250417 0.364466 0.019167 0.046348
1 0.285417 0.36236 0.019167 0.044944
1 0.278333 0.314607 0.018333 0.033708
1 0.331667 0.351124 0.023333 0.047753
1 0.373333 0.341994 0.018333 0.035112
1 0.403333 0.341292 0.016667 0.036517
1 0.34625 0.301264 0.019167 0.035112
1 0.40125 0.30618 0.015833 0.02809
1 0.444167 0.35323 0.021667 0.037921
1 0.385 0.267556 0.013333 0.032303
1 0.421667 0.258427 0.013333 0.022472
1 0.456667 0.28441 0.016667 0.029494
1 0.45 0.258427 0.013333 0.025281
1 0.46375 0.236657 0.010833 0.018258
1 0.459167 0.253511 0.011667 0.023876
1 0.500417 0.327247 0.0225 0.036517
1 0.46625 0.316011 0.020833 0.033708
1 0.5175 0.285112 0.021667 0.030899
1 0.500833 0.274579 0.015 0.026685
1 0.547917 0.252107 0.014167 0.032303
1 0.568333 0.281601 0.016667 0.035112
1 0.580417 0.271067 0.014167 0.033708
1 0.55625 0.224017 0.014167 0.023876
1 0.574583 0.21559 0.015833 0.029494
1 0.608333 0.206461 0.015 0.02809
1 0.624583 0.219803 0.014167 0.026685
1 0.640833 0.227528 0.018333 0.02809
1 0.64 0.257022 0.018333 0.025281
1 0.6 0.254916 0.015 0.023876
1 0.667917 0.216292 0.014167 0.025281
1 0.699583 0.222612 0.015833 0.032303
1 0.675417 0.233146 0.0125 0.02809
1 0.705 0.259129 0.02 0.037921
1 0.669167 0.285112 0.02 0.033708
1 0.63375 0.313202 0.019167 0.036517
1 0.599167 0.334972 0.026667 0.049157
1 0.529167 0.38132 0.028333 0.046348
1 0.46 0.42486 0.033333 0.060393
1 0.524583 0.440309 0.035833 0.054775
1 0.587917 0.451545 0.0325 0.066011
1 0.59125 0.389045 0.025833 0.050562
1 0.639583 0.365871 0.0175 0.04073
1 0.66 0.375702 0.023333 0.051966
1 0.637083 0.480337 0.030833 0.070225
1 0.69875 0.547051 0.040833 0.080056
1 0.72125 0.417135 0.0275 0.058989
1 0.69 0.371489 0.023333 0.04073
1 0.68375 0.319522 0.020833 0.046348
1 0.712917 0.300562 0.019167 0.039326
1 0.734167 0.251404 0.015 0.030899
1 0.76 0.236657 0.015 0.032303
1 0.783333 0.245084 0.015 0.037921
1 0.770417 0.283708 0.015833 0.036517
1 0.760833 0.266152 0.015 0.023876
1 0.81 0.249298 0.016667 0.037921
1 0.820833 0.302669 0.021667 0.032303
1 0.840833 0.259129 0.013333 0.032303
1 0.857917 0.283708 0.014167 0.042135
1 0.867083 0.275281 0.0125 0.039326
1 0.880417 0.263343 0.0125 0.029494
1 0.897083 0.280899 0.0175 0.042135
1 0.933333 0.305478 0.018333 0.04073
1 0.94 0.28441 0.016667 0.029494
1 0.849583 0.327949 0.0225 0.037921
1 0.877917 0.31882 0.0175 0.033708
1 0.910417 0.34059 0.0175 0.043539
1 0.932917 0.365871 0.0175 0.049157
1 0.812083 0.36236 0.024167 0.061798
1 0.8225 0.33427 0.018333 0.02809
1 0.863333 0.377107 0.025 0.046348
1 0.775 0.439607 0.033333 0.058989
1 0.8275 0.521067 0.033333 0.075843
1 0.85 0.469803 0.033333 0.054775
1 0.915417 0.489466 0.0375 0.074438
1 0.9125 0.443118 0.021667 0.04073
1 0.428333 0.316011 0.018333 0.039326
1 0.515 0.257022 0.015 0.025281