1 0.268333 0.63875 0.123333 0.2125
1 0.190833 0.52375 0.078333 0.1125
1 0.0925 0.49 0.065 0.095
1 0.029167 0.465 0.051667 0.095
1 0.058333 0.4075 0.036667 0.05
1 0.106667 0.40625 0.046667 0.0725
1 0.14 0.40625 0.026667 0.0475
1 0.185 0.42375 0.046667 0.0775
1 0.216667 0.41125 0.03 0.0575
1 0.258333 0.44875 0.056667 0.0925
1 0.29 0.425 0.04 0.08
1 0.310833 0.40625 0.035 0.0625
1 0.244167 0.38625 0.018333 0.0325
1 0.346667 0.38375 0.023333 0.0375
1 0.34 0.36125 0.026667 0.0425
1 0.36 0.4925 0.06 0.095
1 0.38 0.4325 0.043333 0.08
1 0.378333 0.3875 0.03 0.06
1 0.440833 0.42375 0.041667 0.0625
1 0.475833 0.4375 0.058333 0.09
1 0.4775 0.38625 0.031667 0.0525
1 0.508333 0.405 0.03 0.07
1 0.545 0.48875 0.1 0.1475
1 0.658333 0.69875 0.16 0.3125
1 0.846667 0.62875 0.083333 0.1675
1 0.865833 0.53125 0.078333 0.1175
1 0.901667 0.50125 0.05 0.0925
1 0.921667 0.4675 0.046667 0.085
1 0.943333 0.43625 0.036667 0.0625
1 0.8575 0.41875 0.031667 0.0525
1 0.833333 0.4175 0.03 0.055
1 0.814167 0.43875 0.035 0.0575
1 0.783333 0.4475 0.043333 0.075
1 0.748333 0.47625 0.053333 0.0825
1 0.661667 0.4875 0.07 0.105
1 0.695833 0.4 0.028333 0.055
1 0.665833 0.405 0.035 0.055
1 0.6075 0.42375 0.031667 0.0625
1 0.619167 0.39625 0.028333 0.0425
1 0.574167 0.4 0.021667 0.045
1 0.5475 0.41375 0.031667 0.0575
1 0.541667 0.38 0.026667 0.03
1 0.670833 0.275 0.028333 0.045