1 0.035581 0.5725 0.06367 0.138333
1 0.150281 0.6425 0.081461 0.151667
1 0.125936 0.496667 0.040262 0.08
1 0.233146 0.546667 0.05618 0.113333
1 0.279963 0.5025 0.033708 0.078333
1 0.325843 0.5425 0.052434 0.121667
1 0.344101 0.5125 0.030899 0.078333
1 0.311798 0.705833 0.099251 0.178333
1 0.414326 0.5075 0.044007 0.101667
1 0.451311 0.620833 0.059925 0.128333
1 0.471442 0.534167 0.04588 0.098333
1 0.534644 0.7975 0.136704 0.258333
1 0.611423 0.660833 0.080524 0.165
1 0.551498 0.49 0.041199 0.086667
1 0.675094 0.585 0.052434 0.11
1 0.68633 0.535 0.043071 0.093333
1 0.757491 0.494167 0.041199 0.088333
1 0.808521 0.5325 0.04588 0.111667
1 0.854869 0.610833 0.074906 0.161667
1 0.917135 0.7125 0.122659 0.201667
1 0.891386 0.511667 0.048689 0.106667