1 0.055147 0.852097 0.104412 0.264901
1 0.036029 0.343267 0.048529 0.077263
1 0.108824 0.354305 0.058824 0.090508
1 0.175735 0.607064 0.063235 0.10596
1 0.131618 0.322296 0.027941 0.04415
1 0.238235 0.337748 0.029412 0.03532
1 0.267647 0.373068 0.047059 0.083885
1 0.324265 0.405077 0.080882 0.125828
1 0.391176 0.342163 0.047059 0.07947
1 0.350735 0.318985 0.027941 0.041943
1 0.423529 0.345475 0.029412 0.055188
1 0.455882 0.373068 0.032353 0.048565
1 0.4875 0.317881 0.051471 0.09713
1 0.5375 0.370861 0.089706 0.15011
1 0.592647 0.362031 0.044118 0.07064
1 0.624265 0.345475 0.030882 0.050773
1 0.646324 0.335541 0.030882 0.039735
1 0.710294 0.350993 0.061765 0.092715
1 0.633824 0.31457 0.014706 0.033113
1 0.664706 0.710817 0.114706 0.203091
1 0.807353 0.296909 0.097059 0.147903
1 0.894118 0.330022 0.026471 0.050773
1 0.977941 0.38521 0.044118 0.116998