1 0.197917 0.516008 0.04375 0.07533
1 0.070312 0.281544 0.013542 0.039548
1 0.39375 0.206215 0.020833 0.039548
1 0.409896 0.153484 0.017708 0.035782
1 0.419271 0.215631 0.017708 0.032015
1 0.452604 0.225989 0.019792 0.041431
1 0.465104 0.163842 0.013542 0.033898
1 0.477604 0.166667 0.013542 0.035782
1 0.517708 0.196798 0.01875 0.035782
1 0.554688 0.185499 0.021875 0.035782
1 0.580729 0.121469 0.015625 0.020716
1 0.627083 0.255179 0.035417 0.05838
1 0.803125 0.213748 0.016667 0.043315
1 0.8375 0.263653 0.020833 0.041431
1 0.931771 0.266478 0.026042 0.032015
1 0.919792 0.129002 0.014583 0.039548