1 0.283 0.622356 0.022 0.036254
1 0.269 0.839879 0.05 0.07855
1 0.317 0.787009 0.038 0.05136
1 0.256 0.777946 0.028 0.039275
1 0.218 0.799094 0.036 0.045317
1 0.173 0.783988 0.026 0.039275
1 0.211 0.912387 0.054 0.090634
1 0.13 0.950151 0.068 0.093656
1 0.149 0.856495 0.042 0.063444
1 0.116 0.796073 0.032 0.039275
1 0.103 0.785498 0.03 0.042296
1 0.033 0.817221 0.03 0.045317
1 0.039 0.898792 0.062 0.081571
1 0.643 0.779456 0.03 0.054381
1 0.668 0.823263 0.032 0.05136
1 0.7 0.844411 0.056 0.069486
1 0.73 0.777946 0.028 0.045317
1 0.769 0.774924 0.034 0.057402
1 0.781 0.888218 0.054 0.090634
1 0.83 0.780967 0.036 0.057402
1 0.852 0.770393 0.032 0.054381
1 0.921 0.755287 0.03 0.042296
1 0.924 0.892749 0.052 0.075529
1 0.964 0.838369 0.044 0.063444
1 0.988 0.791541 0.024 0.048338
1 0.988 0.758308 0.024 0.036254