1 0.030833 0.346883 0.045 0.081301
1 0.1225 0.47561 0.108333 0.170732
1 0.144167 0.337398 0.038333 0.067751
1 0.194167 0.344173 0.038333 0.081301
1 0.218333 0.325203 0.026667 0.059621
1 0.26 0.321138 0.043333 0.078591
1 0.289167 0.334688 0.025 0.062331
1 0.231667 0.421409 0.056667 0.121951
1 0.351667 0.48103 0.126667 0.257453
1 0.3525 0.323848 0.028333 0.051491
1 0.395833 0.341463 0.038333 0.075881
1 0.435833 0.313008 0.028333 0.056911
1 0.616667 0.220867 0.026667 0.056911
1 0.664167 0.329268 0.051667 0.084011
1 0.9325 0.50813 0.095 0.192412
1 0.9575 0.401084 0.078333 0.140921
1 0.920833 0.321138 0.038333 0.073171
1 0.9075 0.376694 0.041667 0.092141