1 0.027 0.585455 0.046 0.101818
1 0.018 0.532727 0.028 0.061818
1 0.029 0.503636 0.022 0.047273
1 0.059 0.5 0.03 0.069091
1 0.074 0.750909 0.08 0.170909
1 0.146 0.585455 0.052 0.087273
1 0.214 0.530909 0.044 0.08
1 0.241 0.610909 0.054 0.101818
1 0.285 0.556364 0.05 0.087273
1 0.343 0.592727 0.05 0.109091
1 0.37 0.570909 0.04 0.087273
1 0.444 0.565455 0.044 0.083636
1 0.468 0.656364 0.06 0.141818
1 0.513 0.394545 0.026 0.061818
1 0.541 0.590909 0.05 0.098182
1 0.547 0.550909 0.034 0.083636
1 0.646 0.532727 0.044 0.098182
1 0.674 0.590909 0.052 0.105455
1 0.677 0.685455 0.07 0.141818
1 0.622 0.930909 0.108 0.138182
1 0.727 0.587273 0.05 0.090909
1 0.723 0.536364 0.042 0.076364
1 0.879 0.590909 0.074 0.098182
1 0.908 0.710909 0.076 0.141818
1 0.981 0.485455 0.026 0.069091
1 0.985 0.498182 0.026 0.058182