1 0.066 0.703235 0.0856 0.137834
1 0.0382 0.445499 0.0284 0.047117
1 0.0092 0.443741 0.016 0.057665
1 0.0772 0.385021 0.0208 0.037271
1 0.0978 0.561885 0.05 0.092827
1 0.162 0.516526 0.036 0.062588
1 0.1414 0.484177 0.0324 0.04993
1 0.1602 0.420886 0.0228 0.038678
1 0.1694 0.386076 0.018 0.032349
1 0.2292 0.390295 0.016 0.033755
1 0.2666 0.435654 0.022 0.040084
1 0.2678 0.401195 0.0212 0.038678
1 0.2926 0.379395 0.0148 0.034459
1 0.3298 0.381857 0.0156 0.026723
1 0.3112 0.547468 0.0296 0.059775
1 0.3464 0.552743 0.0448 0.077356
1 0.319 0.441983 0.018 0.042897
1 0.356 0.423347 0.0184 0.035162
1 0.377 0.405415 0.0124 0.027426
1 0.391 0.405415 0.0124 0.027426
1 0.3926 0.362869 0.0132 0.025316
1 0.415 0.417018 0.018 0.030942
1 0.4544 0.413854 0.0192 0.038678
1 0.4826 0.379395 0.014 0.0218
1 0.5078 0.394515 0.0212 0.037975
1 0.6808 0.735232 0.0904 0.146976
1 0.709 0.533052 0.0324 0.07173
1 0.723 0.529184 0.0268 0.056962
1 0.814 0.484177 0.0272 0.04993
1 0.8452 0.535513 0.0352 0.07384
1 0.8936 0.670534 0.0912 0.135724
1 0.9412 0.529184 0.044 0.06962
1 0.9746 0.481716 0.0476 0.068917