1 0.360625 0.7325 0.11375 0.158333
1 0.26375 0.646667 0.0975 0.11
1 0.178125 0.566667 0.07375 0.096667
1 0.073125 0.535 0.07125 0.09
1 0.0425 0.490833 0.0375 0.055
1 0.0125 0.51 0.0225 0.07
1 0.19625 0.42 0.025 0.04
1 0.241875 0.431667 0.02875 0.046667
1 0.258125 0.4525 0.02375 0.041667
1 0.325625 0.46 0.03125 0.053333
1 0.35125 0.464167 0.03 0.051667
1 0.376875 0.485833 0.03875 0.058333
1 0.440625 0.510833 0.04875 0.068333
1 0.509375 0.536667 0.04125 0.083333
1 0.378125 0.414167 0.02625 0.035
1 0.3625 0.411667 0.02 0.036667
1 0.431875 0.43 0.02875 0.04
1 0.480625 0.428333 0.03125 0.05
1 0.481875 0.396667 0.02125 0.036667
1 0.52625 0.394167 0.0225 0.035
1 0.5575 0.4075 0.025 0.048333
1 0.533125 0.444167 0.03125 0.038333
1 0.5975 0.455 0.035 0.05
1 0.64 0.5375 0.055 0.078333
1 0.661875 0.463333 0.04125 0.063333
1 0.725 0.425 0.0275 0.043333
1 0.74875 0.466667 0.0425 0.056667
1 0.814375 0.425 0.03875 0.056667
1 0.83 0.485833 0.0575 0.075
1 0.88625 0.441667 0.0425 0.066667
1 0.959375 0.494167 0.06375 0.091667
1 0.985 0.4475 0.03 0.051667