1 0.144 0.937781 0.148 0.121439
1 0.119 0.778111 0.092 0.17991
1 0.077 0.715892 0.068 0.106447
1 0.1 0.635682 0.064 0.089955
1 0.0595 0.607946 0.039 0.073463
1 0.0695 0.553223 0.031 0.047976
1 0.064 0.524738 0.024 0.035982
1 0.1245 0.523988 0.029 0.049475
1 0.1545 0.529235 0.031 0.053973
1 0.154 0.57946 0.034 0.064468
1 0.1995 0.613193 0.047 0.077961
1 0.2195 0.667916 0.047 0.085457
1 0.27 0.692654 0.056 0.113943
1 0.378 0.789355 0.092 0.175412
1 0.55 0.891304 0.126 0.217391
1 0.3205 0.485757 0.039 0.077961
1 0.228 0.535232 0.032 0.050975
1 0.24 0.516492 0.024 0.043478
1 0.176 0.51949 0.026 0.043478
1 0.2735 0.52099 0.015 0.028486
1 0.3735 0.571964 0.031 0.073463
1 0.402 0.565217 0.026 0.047976
1 0.418 0.609445 0.04 0.070465
1 0.337 0.564468 0.028 0.052474
1 0.372 0.517991 0.022 0.046477
1 0.4115 0.507496 0.025 0.046477
1 0.425 0.535982 0.024 0.043478
1 0.458 0.565967 0.034 0.067466
1 0.4715 0.521739 0.023 0.038981
1 0.4945 0.634183 0.045 0.092954
1 0.5255 0.61919 0.037 0.077961
1 0.529 0.564468 0.028 0.043478
1 0.5305 0.532234 0.025 0.035982
1 0.5675 0.532984 0.021 0.037481
1 0.5955 0.625937 0.043 0.085457
1 0.6395 0.681409 0.053 0.097451
1 0.5925 0.570465 0.029 0.046477
1 0.5905 0.541979 0.019 0.034483
1 0.6235 0.524738 0.019 0.035982
1 0.686 0.594453 0.034 0.061469
1 0.6575 0.569715 0.027 0.044978
1 0.677 0.546477 0.024 0.04048
1 0.7255 0.550975 0.025 0.046477
1 0.7365 0.678411 0.055 0.103448
1 0.809 0.714393 0.074 0.130435
1 0.7705 0.631934 0.035 0.064468
1 0.7475 0.586957 0.029 0.052474
1 0.755 0.549475 0.026 0.043478
1 0.798 0.565967 0.026 0.049475
1 0.851 0.577961 0.024 0.043478
1 0.876 0.592204 0.03 0.053973
1 0.8375 0.641679 0.035 0.053973
1 0.9135 0.694903 0.055 0.109445
1 0.892 0.655172 0.05 0.077961
1 0.9675 0.655172 0.055 0.083958
1 0.968 0.596702 0.036 0.05997
1 0.9225 0.573463 0.029 0.052474