1 0.204976 0.265625 0.021327 0.047917
1 0.361967 0.288542 0.024882 0.047917
1 0.358412 0.248958 0.020142 0.047917
1 0.339455 0.241667 0.017773 0.033333
1 0.342417 0.214583 0.018957 0.029167
1 0.360782 0.201042 0.015403 0.035417
1 0.39455 0.220833 0.021327 0.033333
1 0.398697 0.283333 0.027251 0.054167
1 0.403436 0.196875 0.015403 0.03125
1 0.39218 0.188542 0.016588 0.03125
1 0.436611 0.186458 0.017773 0.039583
1 0.454384 0.203125 0.017773 0.03125
1 0.462678 0.235417 0.024882 0.054167
1 0.484005 0.197917 0.017773 0.041667
1 0.472156 0.1875 0.015403 0.029167
1 0.486967 0.302083 0.028436 0.05
1 0.57109 0.14375 0.014218 0.025
1 0.603081 0.2 0.018957 0.0375
1 0.612559 0.25 0.023697 0.041667
1 0.65936 0.198958 0.022512 0.039583
1 0.67654 0.161458 0.018957 0.035417
1 0.725711 0.182292 0.020142 0.039583
1 0.755924 0.177083 0.018957 0.0375
1 0.666469 0.265625 0.024882 0.047917
1 0.725118 0.263542 0.026066 0.052083
1 0.761256 0.267708 0.024882 0.05625
1 0.754739 0.23125 0.023697 0.045833
1 0.839455 0.289583 0.027251 0.058333
1 0.909953 0.23125 0.021327 0.05