1 0.070625 0.557223 0.12125 0.228893
1 0.14 0.502814 0.0725 0.153846
1 0.193125 0.397749 0.05375 0.086304
1 0.261875 0.410882 0.06375 0.120075
1 0.3375 0.406191 0.0375 0.073171
1 0.37375 0.408068 0.06 0.106942
1 0.4575 0.54878 0.09 0.148218
1 0.53375 0.690432 0.1575 0.258912
1 0.735 0.509381 0.0975 0.170732
1 0.92125 0.565666 0.15 0.317073
1 0.74 0.439024 0.0825 0.11257
1 0.67875 0.439962 0.055 0.118199
1 0.645625 0.418386 0.05625 0.093809
1 0.775625 0.390244 0.05375 0.078799
1 0.71875 0.262664 0.025 0.045028
1 0.644375 0.265478 0.02125 0.035647
1 0.56375 0.263602 0.02 0.043152
1 0.4925 0.272045 0.025 0.041276
1 0.403125 0.263602 0.02625 0.046904
1 0.32125 0.278612 0.0225 0.0394
1 0.51375 0.489681 0.0725 0.11257
1 0.558125 0.409006 0.04875 0.097561
1 0.500625 0.433396 0.05125 0.078799
1 0.505 0.380863 0.0425 0.06379