1 0.127 0.522667 0.146 0.202667
1 0.05 0.369333 0.096 0.130667
1 0.052 0.288 0.08 0.101333
1 0.035 0.225333 0.054 0.077333
1 0.041 0.176 0.046 0.058667
1 0.017 0.136 0.03 0.058667
1 0.014 0.089333 0.024 0.045333
1 0.051 0.130667 0.038 0.048
1 0.063 0.092 0.034 0.050667
1 0.091 0.078667 0.026 0.045333
1 0.106 0.112 0.032 0.048
1 0.088 0.141333 0.032 0.053333
1 0.119 0.174667 0.046 0.061333
1 0.135 0.137333 0.042 0.050667
1 0.15 0.102667 0.032 0.045333
1 0.198 0.118667 0.036 0.045333
1 0.198 0.089333 0.028 0.034667
1 0.181 0.181333 0.058 0.096
1 0.23 0.217333 0.06 0.077333
1 0.189 0.28 0.074 0.096
1 0.136 0.234667 0.06 0.090667
1 0.22 0.405333 0.112 0.144
1 0.33 0.316 0.076 0.125333
1 0.368 0.570667 0.168 0.229333
1 0.472 0.406667 0.116 0.162667
1 0.5 0.302667 0.088 0.114667
1 0.424 0.204 0.056 0.077333
1 0.359 0.232 0.062 0.090667
1 0.324 0.194667 0.06 0.08
1 0.264 0.154667 0.048 0.058667
1 0.258 0.082667 0.024 0.037333
1 0.297 0.105333 0.03 0.04
1 0.299 0.142667 0.034 0.050667
1 0.315 0.090667 0.03 0.037333
1 0.377 0.096 0.026 0.042667
1 0.397 0.113333 0.034 0.045333
1 0.379 0.144 0.038 0.053333
1 0.461 0.176 0.038 0.058667
1 0.455 0.134667 0.034 0.050667
1 0.471 0.117333 0.034 0.048
1 0.498 0.108 0.028 0.045333
1 0.535 0.094667 0.03 0.045333
1 0.561 0.136 0.046 0.074667
1 0.538 0.182667 0.06 0.082667
1 0.522 0.24 0.072 0.08
1 0.637 0.184 0.066 0.096
1 0.683 0.24 0.07 0.101333
1 0.697 0.337333 0.086 0.125333
1 0.706 0.489333 0.128 0.173333
1 0.66 0.117333 0.036 0.053333
1 0.649 0.098667 0.03 0.042667
1 0.646 0.08 0.024 0.037333
1 0.734 0.081333 0.036 0.061333
1 0.708 0.110667 0.04 0.061333
1 0.735 0.157333 0.046 0.064
1 0.76 0.189333 0.048 0.08
1 0.801 0.210667 0.066 0.090667
1 0.865 0.258667 0.074 0.112
1 0.847 0.146667 0.05 0.08
1 0.817 0.132 0.038 0.061333
1 0.813 0.078667 0.042 0.056
1 0.911 0.093333 0.042 0.074667
1 0.937 0.129333 0.042 0.061333
1 0.91 0.178667 0.048 0.085333
1 0.963 0.208 0.054 0.096
1 0.979 0.154667 0.042 0.074667
1 0.936 0.356 0.096 0.152