1 0.17 0.465465 0.124 0.24024
1 0.234 0.453453 0.076 0.228228
1 0.113 0.318318 0.106 0.186186
1 0.042 0.165165 0.08 0.174174
1 0.146 0.1997 0.084 0.153153
1 0.132 0.088589 0.084 0.117117
1 0.04 0.028529 0.056 0.051051
1 0.185 0.04955 0.066 0.087087
1 0.262 0.070571 0.076 0.123123
1 0.248 0.174174 0.084 0.144144
1 0.221 0.333333 0.09 0.132132
1 0.337 0.309309 0.082 0.168168
1 0.329 0.175676 0.074 0.135135
1 0.468 0.171171 0.08 0.15015
1 0.405 0.45045 0.114 0.222222
1 0.495 0.478979 0.094 0.189189
1 0.641 0.487988 0.102 0.177177
1 0.711 0.415916 0.09 0.201201
1 0.626 0.322823 0.084 0.171171
1 0.588 0.187688 0.068 0.129129
1 0.527 0.076577 0.058 0.111111
1 0.727 0.151652 0.07 0.123123
1 0.704 0.27027 0.068 0.12012
1 0.864 0.394895 0.096 0.195195
1 0.941 0.40991 0.086 0.189189
1 0.892 0.297297 0.08 0.126126
1 0.828 0.091592 0.06 0.117117
1 0.97 0.205706 0.06 0.117117
1 0.968 0.103604 0.06 0.117117
1 0.957 0.037538 0.046 0.063063
1 0.878 0.036036 0.048 0.066066
1 0.782 0.031532 0.04 0.057057
1 0.731 0.057057 0.066 0.102102