1 0.044286 0.296 0.08 0.28
1 0.134286 0.32 0.097143 0.328
1 0.145 0.144 0.055714 0.176
1 0.305714 0.196 0.062857 0.224
1 0.325 0.15 0.05 0.172
1 0.405714 0.278 0.105714 0.388
1 0.451429 0.152 0.051429 0.168
1 0.57 0.486 0.125714 0.38
1 0.612143 0.21 0.058571 0.22
1 0.54 0.092 0.048571 0.16
1 0.637143 0.08 0.048571 0.136
1 0.719286 0.166 0.081429 0.276
1 0.782857 0.074 0.04 0.132
1 0.862143 0.076 0.038571 0.144
1 0.899286 0.104 0.052857 0.176
1 0.952143 0.202 0.078571 0.244
1 0.96 0.05 0.04 0.084