1 0.203069 0.469502 0.046931 0.094703
1 0.293321 0.469502 0.050542 0.097913
1 0.198556 0.246388 0.034296 0.069021
1 0.263087 0.211075 0.022563 0.046549
1 0.311823 0.17817 0.017148 0.038523
1 0.325361 0.202247 0.020758 0.048154
1 0.329874 0.186196 0.018953 0.041734
1 0.422383 0.222311 0.023466 0.05939
1 0.470668 0.238363 0.033394 0.065811
1 0.419675 0.146067 0.01444 0.035313
1 0.440433 0.17175 0.018051 0.035313
1 0.438628 0.096308 0.018051 0.041734
1 0.477888 0.148475 0.017148 0.030498
1 0.47157 0.182986 0.020758 0.048154
1 0.519856 0.166132 0.021661 0.040128
1 0.538357 0.153291 0.017148 0.033708
1 0.54287 0.110754 0.017148 0.035313
1 0.564982 0.073836 0.016245 0.032103
1 0.5713 0.157303 0.018051 0.035313
1 0.562726 0.150883 0.015343 0.035313
1 0.61056 0.089888 0.020758 0.038523
1 0.68231 0.104334 0.023466 0.044944
1 0.580776 0.217496 0.037004 0.065811
1 0.717058 0.123596 0.022563 0.041734
1 0.736913 0.0626 0.013538 0.032103
1 0.75361 0.121188 0.023466 0.040128