1 0.030469 0.545833 0.054688 0.079167
1 0.049219 0.74375 0.092188 0.154167
1 0.244531 0.844792 0.167187 0.214583
1 0.171094 0.75 0.067187 0.079167
1 0.475 0.619792 0.040625 0.060417
1 0.497656 0.745833 0.042188 0.058333
1 0.548438 0.74375 0.040625 0.058333
1 0.605469 0.772917 0.051562 0.079167
1 0.695312 0.792708 0.06875 0.089583
1 0.714063 0.746875 0.040625 0.060417
1 0.840625 0.816667 0.090625 0.129167
1 0.825 0.742708 0.046875 0.060417
1 0.873437 0.733333 0.046875 0.079167
1 0.933594 0.736458 0.054688 0.08125