1 0.201798 0.216578 0.015984 0.033868
1 0.291708 0.213904 0.013986 0.035651
1 0.346653 0.190731 0.015984 0.035651
1 0.363137 0.201426 0.016983 0.035651
1 0.396104 0.241533 0.018981 0.037433
1 0.435564 0.224599 0.025974 0.057041
1 0.484515 0.229947 0.01998 0.039216
1 0.45954 0.214795 0.015984 0.037433
1 0.424076 0.175579 0.012987 0.026738
1 0.403097 0.175579 0.016983 0.030303
1 0.384116 0.172014 0.012987 0.023173
1 0.431069 0.14795 0.010989 0.024955
1 0.493007 0.180036 0.014985 0.032086
1 0.481518 0.161319 0.013986 0.026738
1 0.515984 0.177362 0.012987 0.033868
1 0.547453 0.184492 0.017982 0.030303
1 0.473526 0.136364 0.011988 0.023173
1 0.482018 0.132799 0.010989 0.023173
1 0.582418 0.179144 0.017982 0.033868
1 0.544456 0.14082 0.011988 0.024955
1 0.520979 0.134581 0.008991 0.023173
1 0.514985 0.132799 0.014985 0.026738
1 0.579421 0.12656 0.00999 0.024955
1 0.588412 0.136364 0.011988 0.030303
1 0.6004 0.124777 0.011988 0.024955
1 0.623876 0.14082 0.014985 0.024955
1 0.654845 0.148841 0.018981 0.030303
1 0.661838 0.114082 0.014985 0.035651
1 0.681319 0.124777 0.011988 0.032086
1 0.716783 0.11943 0.014985 0.02852
1 0.610889 0.114973 0.014985 0.023173
1 0.635864 0.125668 0.012987 0.019608
1 0.567433 0.271836 0.027972 0.062389
1 0.577922 0.249554 0.026973 0.053476
1 0.638362 0.250446 0.017982 0.051693
1 0.638362 0.203209 0.013986 0.039216
1 0.655345 0.193405 0.015984 0.030303
1 0.675325 0.22549 0.01998 0.044563
1 0.683317 0.263815 0.01998 0.046346
1 0.738761 0.273619 0.026973 0.051693
1 0.722278 0.23975 0.01998 0.044563
1 0.698302 0.176471 0.017982 0.032086
1 0.7003 0.215686 0.017982 0.039216
1 0.745754 0.186275 0.016983 0.030303
1 0.754246 0.210339 0.017982 0.035651
1 0.770729 0.26025 0.020979 0.042781
1 0.797203 0.295009 0.021978 0.055258
1 0.843656 0.321747 0.024975 0.051693
1 0.912088 0.36631 0.023976 0.058824
1 0.928072 0.306595 0.01998 0.049911
1 0.882118 0.266488 0.021978 0.048128
1 0.84016 0.245989 0.017982 0.042781
1 0.797203 0.221925 0.015984 0.033868
1 0.771229 0.130125 0.013986 0.035651
1 0.744256 0.164884 0.015984 0.023173
1 0.789211 0.156863 0.00999 0.02852
1 0.798701 0.141711 0.010989 0.026738
1 0.806693 0.165775 0.010989 0.02852
1 0.815684 0.156863 0.010989 0.032086
1 0.824176 0.14082 0.013986 0.032086
1 0.844156 0.213012 0.015984 0.026738
1 0.855145 0.185383 0.015984 0.032086
1 0.834166 0.18984 0.015984 0.026738
1 0.844655 0.165775 0.010989 0.032086
1 0.856144 0.159537 0.00999 0.030303
1 0.871129 0.173797 0.011988 0.037433
1 0.886613 0.165775 0.012987 0.039216
1 0.90959 0.165775 0.010989 0.032086
1 0.905594 0.215686 0.010989 0.024955
1 0.928571 0.236185 0.014985 0.040998
1 0.947552 0.222816 0.012987 0.02852
1 0.954545 0.183601 0.016983 0.032086