1 0.099371 0.574773 0.040468 0.074018
1 0.185701 0.365559 0.017086 0.036254
1 0.226619 0.373867 0.019784 0.043807
1 0.254496 0.333082 0.019784 0.031722
1 0.254946 0.39577 0.027878 0.05136
1 0.289119 0.410876 0.029676 0.042296
1 0.316547 0.357251 0.02518 0.037764
1 0.328237 0.311934 0.017986 0.028701
1 0.364658 0.351964 0.018885 0.030211
1 0.389388 0.361027 0.02518 0.042296
1 0.372302 0.274924 0.017986 0.02719
1 0.413219 0.267372 0.017086 0.024169
1 0.4375 0.273414 0.015288 0.02719
1 0.44964 0.256798 0.016187 0.024169
1 0.460432 0.234139 0.01259 0.021148
1 0.51259 0.253021 0.017986 0.02568
1 0.496403 0.284743 0.016187 0.028701
1 0.509892 0.290785 0.017986 0.031722
1 0.54991 0.289275 0.018885 0.031722
1 0.545863 0.256042 0.017986 0.037764
1 0.566097 0.260574 0.020683 0.028701
1 0.563849 0.226586 0.014388 0.024169
1 0.578237 0.225831 0.021583 0.02568
1 0.614209 0.216767 0.019784 0.031722
1 0.629946 0.225076 0.017086 0.030211
1 0.644335 0.230363 0.011691 0.031722
1 0.669514 0.221299 0.017086 0.028701
1 0.686151 0.227341 0.016187 0.028701
1 0.643435 0.263595 0.015288 0.031722
1 0.601619 0.259819 0.017986 0.024169
1 0.452788 0.337613 0.024281 0.034743
1 0.493705 0.342145 0.021583 0.037764
1 0.434353 0.370091 0.02518 0.045317
1 0.383993 0.317976 0.017986 0.028701
1 0.460881 0.431269 0.031475 0.055891
1 0.535072 0.379154 0.021583 0.042296
1 0.538219 0.427492 0.026079 0.054381
1 0.599371 0.356495 0.026079 0.042296
1 0.604766 0.4071 0.027878 0.040785
1 0.593975 0.48565 0.029676 0.064955
1 0.63714 0.503776 0.031475 0.058912
1 0.732014 0.431269 0.026978 0.05287
1 0.714478 0.563444 0.036871 0.072508
1 0.791817 0.454683 0.029676 0.054381
1 0.842176 0.534743 0.031475 0.069486
1 0.873201 0.493958 0.032374 0.060423
1 0.944694 0.500755 0.033273 0.058912
1 0.883993 0.403323 0.02518 0.054381
1 0.833633 0.378399 0.019784 0.040785
1 0.846673 0.356495 0.022482 0.042296
1 0.836331 0.316465 0.017986 0.037764
1 0.828687 0.251511 0.015288 0.028701
1 0.800809 0.249245 0.015288 0.024169
1 0.760342 0.256042 0.020683 0.037764
1 0.783723 0.27719 0.026079 0.040785
1 0.723921 0.313444 0.02518 0.040785
1 0.717176 0.268882 0.017086 0.036254
1 0.688399 0.333837 0.022482 0.039275
1 0.678058 0.287009 0.017986 0.033233
1 0.643435 0.379909 0.026079 0.05287
1 0.671313 0.392749 0.024281 0.048338
1 0.700989 0.383686 0.026079 0.036254
1 0.638489 0.319486 0.026978 0.043807
1 0.865108 0.262085 0.014388 0.02568
1 0.880396 0.289275 0.016187 0.037764
1 0.902878 0.266616 0.017986 0.031722
1 0.89973 0.351964 0.020683 0.042296
1 0.877248 0.3429 0.022482 0.042296
1 0.922212 0.349698 0.017086 0.046828
1 0.927158 0.311934 0.017986 0.028701
1 0.971673 0.299094 0.011691 0.024169
1 0.966277 0.332326 0.020683 0.033233
1 0.947842 0.361782 0.019784 0.031722
1 0.963579 0.391239 0.022482 0.033233