1 0.868 0.47432 0.028 0.054381
1 0.754 0.593656 0.068 0.117825
1 0.683 0.55136 0.05 0.081571
1 0.654 0.548338 0.04 0.063444
1 0.647 0.506042 0.038 0.063444
1 0.614 0.515106 0.036 0.05136
1 0.625 0.492447 0.026 0.048338
1 0.586 0.493958 0.024 0.045317
1 0.566 0.493958 0.024 0.045317
1 0.497 0.654079 0.066 0.111782
1 0.506 0.598187 0.056 0.096677
1 0.455 0.563444 0.046 0.063444
1 0.479 0.534743 0.042 0.066465
1 0.418 0.5 0.024 0.033233
1 0.394 0.509063 0.024 0.033233
1 0.394 0.487915 0.02 0.033233
1 0.351 0.516616 0.034 0.048338
1 0.31 0.563444 0.04 0.069486
1 0.26 0.592145 0.032 0.066465
1 0.235 0.595166 0.058 0.084592
1 0.194 0.616314 0.06 0.084592
1 0.182 0.655589 0.084 0.114804
1 0.07 0.572508 0.044 0.087613
1 0.098 0.583082 0.044 0.066465
1 0.142 0.574018 0.04 0.054381
1 0.182 0.545317 0.04 0.05136
1 0.229 0.542296 0.038 0.05136
1 0.261 0.528701 0.026 0.048338
1 0.272 0.522659 0.02 0.042296
1 0.312 0.496979 0.024 0.033233