1 0.03125 0.615 0.0575 0.096667
1 0.065 0.493333 0.045 0.066667
1 0.02625 0.466667 0.0375 0.053333
1 0.10875 0.461667 0.0375 0.05
1 0.12875 0.506667 0.0475 0.073333
1 0.19625 0.478333 0.0375 0.05
1 0.23125 0.518333 0.0475 0.07
1 0.29875 0.446667 0.0375 0.053333
1 0.3625 0.433333 0.04 0.06
1 0.28 0.411667 0.025 0.036667
1 0.4375 0.435 0.025 0.03
1 0.45625 0.428333 0.0225 0.036667
1 0.4725 0.421667 0.02 0.03
1 0.4275 0.413333 0.025 0.033333
1 0.38375 0.408333 0.0275 0.03
1 0.5 0.396667 0.03 0.046667
1 0.4375 0.591667 0.06 0.103333
1 0.505 0.56 0.045 0.08
1 0.5675 0.515 0.045 0.063333
1 0.61625 0.568333 0.0525 0.076667
1 0.58 0.476667 0.04 0.046667
1 0.60375 0.456667 0.0325 0.046667
1 0.62125 0.431667 0.0225 0.03
1 0.65875 0.455 0.0275 0.043333
1 0.67125 0.48 0.0325 0.046667
1 0.6725 0.441667 0.02 0.036667
1 0.65875 0.425 0.0225 0.03
1 0.69625 0.468333 0.0325 0.05
1 0.715 0.485 0.035 0.05
1 0.72125 0.521667 0.0375 0.05
1 0.7475 0.585 0.05 0.076667
1 0.8225 0.548333 0.05 0.076667
1 0.78625 0.495 0.0325 0.05
1 0.76125 0.45 0.0275 0.046667
1 0.805 0.473333 0.025 0.046667
1 0.81625 0.436667 0.0225 0.033333
1 0.8375 0.456667 0.02 0.033333
1 0.8675 0.471667 0.03 0.043333
1 0.875 0.493333 0.035 0.053333
1 0.945 0.546667 0.05 0.073333
1 0.98625 0.625 0.0275 0.076667
1 0.93875 0.785 0.0925 0.136667
1 0.72875 0.73 0.0675 0.12