1 0.059167 0.65873 0.078333 0.222222
1 0.035 0.767857 0.066667 0.313492
1 0.1175 0.519841 0.038333 0.111111
1 0.038333 0.472222 0.04 0.103175
1 0.075833 0.490079 0.031667 0.083333
1 0.350833 0.458333 0.038333 0.09127
1 0.37 0.47619 0.03 0.103175
1 0.39 0.503968 0.033333 0.079365
1 0.425 0.52381 0.046667 0.119048
1 0.4675 0.549603 0.055 0.123016
1 0.4575 0.454365 0.031667 0.075397
1 0.531667 0.28373 0.03 0.083333
1 0.51 0.494048 0.033333 0.09127
1 0.575 0.565476 0.056667 0.146825
1 0.529167 0.60119 0.045 0.130952
1 0.61 0.543651 0.043333 0.103175
1 0.556667 0.482143 0.026667 0.083333
1 0.609167 0.484127 0.035 0.063492
1 0.625833 0.456349 0.025 0.079365
1 0.698333 0.569444 0.056667 0.154762
1 0.6575 0.513889 0.028333 0.099206
1 0.738333 0.545635 0.043333 0.138889
1 0.780833 0.543651 0.041667 0.119048
1 0.788333 0.748016 0.12 0.242063
1 0.759167 0.686508 0.071667 0.18254
1 0.846667 0.607143 0.053333 0.15873
1 0.853333 0.460317 0.036667 0.103175
1 0.925 0.492063 0.033333 0.087302
1 0.906667 0.507937 0.026667 0.087302
1 0.970833 0.634921 0.055 0.134921
1 0.9575 0.529762 0.048333 0.115079