1 0.140667 0.839757 0.081333 0.125761
1 0.259333 0.600406 0.054667 0.093306
1 0.282 0.540568 0.041333 0.075051
1 0.406 0.653144 0.057333 0.089249
1 0.022667 0.542596 0.042667 0.058824
1 0.080667 0.423935 0.030667 0.048682
1 0.073333 0.387424 0.026667 0.040568
1 0.117333 0.458418 0.04 0.060852
1 0.012667 0.419878 0.022667 0.052738
1 0.113333 0.362069 0.029333 0.046653
1 0.14 0.376268 0.032 0.042596
1 0.165333 0.419878 0.032 0.044625
1 0.212667 0.385396 0.030667 0.040568
1 0.239333 0.36714 0.025333 0.044625
1 0.203333 0.339757 0.022667 0.03854
1 0.180667 0.356998 0.022667 0.028398
1 0.176 0.326572 0.024 0.032454
1 0.152 0.343813 0.021333 0.034483
1 0.236667 0.329615 0.02 0.03854
1 0.259333 0.346856 0.022667 0.036511
1 0.26 0.321501 0.018667 0.030426
1 0.244 0.300203 0.021333 0.032454
1 0.285333 0.326572 0.018667 0.032454
1 0.304667 0.315416 0.02 0.030426
1 0.334667 0.48783 0.042667 0.058824
1 0.374667 0.414807 0.034667 0.05071
1 0.388667 0.396552 0.030667 0.042596
1 0.402 0.353955 0.02 0.034483
1 0.416667 0.339757 0.017333 0.030426
1 0.412 0.327586 0.013333 0.022312
1 0.423333 0.312373 0.017333 0.028398
1 0.450667 0.296146 0.024 0.028398
1 0.497333 0.293103 0.018667 0.034483
1 0.437333 0.471602 0.037333 0.058824
1 0.465333 0.399594 0.026667 0.036511
1 0.472 0.374239 0.024 0.030426
1 0.458667 0.365112 0.016 0.024341
1 0.470667 0.353955 0.016 0.026369
1 0.479333 0.3286 0.02 0.036511
1 0.476667 0.306288 0.014667 0.024341
1 0.515333 0.312373 0.02 0.024341
1 0.514 0.331643 0.02 0.022312
1 0.517333 0.358012 0.024 0.034483
1 0.534667 0.342799 0.018667 0.032454
1 0.532 0.399594 0.026667 0.040568
1 0.548 0.41785 0.037333 0.060852
1 0.518667 0.465517 0.04 0.058824
1 0.526667 0.528398 0.04 0.054767
1 0.547333 0.665314 0.054667 0.089249
1 0.532667 0.758621 0.078667 0.10142
1 0.908 0.617647 0.056 0.079108
1 0.849333 0.552738 0.048 0.070994
1 0.776667 0.448276 0.033333 0.052738
1 0.762667 0.425963 0.026667 0.052738
1 0.84 0.424949 0.034667 0.058824
1 0.902 0.474645 0.038667 0.060852
1 0.957333 0.53144 0.048 0.081136
1 0.981333 0.464503 0.037333 0.064909
1 0.774667 0.348884 0.021333 0.036511
1 0.768 0.3286 0.021333 0.040568
1 0.721333 0.351927 0.024 0.03854
1 0.729333 0.315416 0.021333 0.030426
1 0.707333 0.321501 0.02 0.030426
1 0.670667 0.345842 0.021333 0.034483
1 0.686667 0.313387 0.018667 0.026369
1 0.653333 0.322515 0.016 0.032454
1 0.642 0.315416 0.02 0.030426