1 0.132075 0.555241 0.132075 0.226629
1 0.184906 0.433428 0.098113 0.15864
1 0.358491 0.529745 0.10566 0.226629
1 0.648113 0.743626 0.137736 0.25779
1 0.823585 0.587819 0.126415 0.269122
1 0.739623 0.410765 0.064151 0.107649
1 0.793396 0.371105 0.058491 0.107649
1 0.757547 0.167139 0.054717 0.101983
1 0.862264 0.23796 0.045283 0.073654
1 0.921698 0.32153 0.050943 0.09915
1 0.940566 0.426346 0.069811 0.127479
1 0.974528 0.331445 0.050943 0.07932
1 0.684906 0.274788 0.041509 0.067989
1 0.648113 0.294618 0.043396 0.062323
1 0.614151 0.379603 0.050943 0.090652
1 0.490566 0.34136 0.060377 0.09915
1 0.480189 0.264873 0.039623 0.05949
1 0.490566 0.235127 0.041509 0.050992
1 0.551887 0.26204 0.035849 0.065156
1 0.590566 0.250708 0.033962 0.05949
1 0.438679 0.274788 0.035849 0.073654
1 0.387736 0.233711 0.039623 0.065156
1 0.369811 0.20255 0.030189 0.048159
1 0.296226 0.313031 0.049057 0.09915
1 0.215094 0.310198 0.05283 0.087819
1 0.220755 0.264873 0.041509 0.076487
1 0.09717 0.263456 0.039623 0.062323
1 0.059434 0.259207 0.04717 0.087819
1 0.041509 0.212465 0.041509 0.062323
1 0.020755 0.263456 0.037736 0.073654