1 0.044321 0.339638 0.018467 0.037829
1 0.06325 0.336349 0.01385 0.03125
1 0.082641 0.316612 0.010157 0.027961
1 0.185596 0.365954 0.022161 0.050987
1 0.204524 0.403783 0.034164 0.067434
1 0.234534 0.365954 0.029548 0.067434
1 0.180055 0.480263 0.048015 0.085526
1 0.251154 0.328947 0.027701 0.059211
1 0.34626 0.282072 0.029548 0.050987
1 0.399354 0.20148 0.021237 0.047697
1 0.424746 0.172697 0.020314 0.042763
1 0.449215 0.313322 0.032318 0.074013
1 0.503232 0.07648 0.01108 0.027961
1 0.540166 0.185855 0.020314 0.039474
1 0.679594 0.113487 0.018467 0.042763
1 0.720222 0.128289 0.01662 0.046053
1 0.739151 0.09375 0.017544 0.042763
1 0.793167 0.239309 0.036934 0.077303
1 0.799631 0.338816 0.055402 0.115132