1 0.07563 0.359551 0.037348 0.077047
1 0.273576 0.195024 0.016807 0.040128
1 0.286181 0.222311 0.021475 0.05618
1 0.309524 0.189406 0.015873 0.035313
1 0.322129 0.182183 0.018674 0.036918
1 0.395425 0.203852 0.028945 0.057785
1 0.42437 0.224719 0.019608 0.044944
1 0.472456 0.17817 0.024276 0.060995
1 0.513072 0.154093 0.023343 0.048154
1 0.569561 0.157303 0.026144 0.054575
1 0.634921 0.184591 0.028011 0.057785
1 0.586368 0.273676 0.028011 0.0626
1 0.616713 0.299358 0.028945 0.0626
1 0.752568 0.351525 0.044818 0.093098