1 0.034375 0.65 0.064583 0.10625
1 0.021875 0.596875 0.039583 0.06875
1 0.044792 0.542188 0.03125 0.053125
1 0.115625 0.607812 0.052083 0.078125
1 0.170833 0.654687 0.075 0.121875
1 0.125 0.746875 0.1375 0.18125
1 0.279167 0.710938 0.1125 0.184375
1 0.202083 0.595313 0.058333 0.096875
1 0.227083 0.564063 0.041667 0.071875
1 0.089583 0.5625 0.0375 0.075
1 0.190625 0.470313 0.03125 0.046875
1 0.223958 0.476562 0.03125 0.046875
1 0.294792 0.467187 0.035417 0.046875
1 0.326042 0.484375 0.027083 0.05
1 0.361458 0.490625 0.027083 0.0375
1 0.407292 0.479687 0.03125 0.034375
1 0.432292 0.478125 0.01875 0.03125
1 0.458333 0.479687 0.025 0.028125
1 0.496875 0.490625 0.03125 0.0375
1 0.519792 0.476562 0.027083 0.040625
1 0.565625 0.495312 0.022917 0.040625
1 0.5875 0.482812 0.025 0.034375
1 0.614583 0.4875 0.020833 0.0375
1 0.630208 0.478125 0.022917 0.0375
1 0.653125 0.4875 0.027083 0.0375
1 0.69375 0.478125 0.025 0.04375
1 0.722917 0.489063 0.025 0.040625
1 0.746875 0.482812 0.01875 0.040625
1 0.782292 0.479687 0.01875 0.034375
1 0.797917 0.489063 0.020833 0.040625
1 0.811458 0.48125 0.01875 0.0375
1 0.847917 0.489063 0.025 0.040625
1 0.879167 0.496875 0.029167 0.04375
1 0.907292 0.485938 0.027083 0.040625
1 0.29375 0.564063 0.045833 0.065625
1 0.345833 0.565625 0.041667 0.075
1 0.376042 0.601562 0.047917 0.071875
1 0.429167 0.640625 0.079167 0.10625
1 0.498958 0.592187 0.04375 0.065625
1 0.513542 0.565625 0.039583 0.0625
1 0.55 0.571875 0.0375 0.05625
1 0.6125 0.654687 0.083333 0.128125
1 0.6 0.582812 0.0375 0.065625
1 0.652083 0.603125 0.041667 0.06875
1 0.698958 0.629687 0.047917 0.078125
1 0.713542 0.701562 0.072917 0.115625
1 0.678125 0.801562 0.127083 0.171875
1 0.770833 0.80625 0.0875 0.16875
1 0.895833 0.925 0.154167 0.15
1 0.882292 0.714063 0.08125 0.134375
1 0.830208 0.689063 0.047917 0.090625
1 0.760417 0.634375 0.0625 0.1
1 0.714583 0.592187 0.0375 0.065625
1 0.866667 0.6375 0.054167 0.06875
1 0.880208 0.5875 0.04375 0.075
1 0.902083 0.557813 0.033333 0.053125
1 0.928125 0.6 0.04375 0.06875
1 0.98125 0.573438 0.0375 0.053125
1 0.985417 0.623437 0.029167 0.071875