1 0.1975 0.237562 0.058333 0.097015
1 0.439167 0.370647 0.038333 0.064677
1 0.4925 0.378109 0.035 0.069652
1 0.535 0.384328 0.043333 0.067164
1 0.5625 0.371891 0.025 0.047264
1 0.585 0.415423 0.043333 0.089552
1 0.614167 0.379353 0.035 0.057214
1 0.683333 0.373134 0.026667 0.044776
1 0.715 0.369403 0.03 0.047264
1 0.749167 0.400498 0.035 0.059701
1 0.765 0.356965 0.023333 0.042289
1 0.8025 0.370647 0.028333 0.049751
1 0.829167 0.358209 0.021667 0.039801
1 0.816667 0.449005 0.053333 0.097015
1 0.865833 0.38806 0.031667 0.054726
1 0.8925 0.371891 0.025 0.042289
1 0.936667 0.470149 0.06 0.114428
1 0.9575 0.436567 0.045 0.08209
1 0.953333 0.383085 0.03 0.044776
1 0.978333 0.353234 0.02 0.039801