1 0.948139 0.233444 0.011876 0.036424
1 0.934283 0.258278 0.012668 0.036424
1 0.897466 0.273179 0.01346 0.046358
1 0.892716 0.216887 0.01346 0.039735
1 0.874901 0.228477 0.012668 0.039735
1 0.905384 0.235927 0.011876 0.044702
1 0.988519 0.253311 0.008709 0.036424
1 0.979018 0.292219 0.011876 0.038079
1 0.975059 0.326987 0.011876 0.044702
1 0.980206 0.354305 0.014252 0.043046
1 0.929137 0.336921 0.016627 0.054636
1 0.957641 0.369205 0.018211 0.066225
1 0.954869 0.432947 0.017419 0.074503
1 0.864212 0.335265 0.018211 0.057947
1 0.880839 0.423013 0.019794 0.077815
1 0.853919 0.496689 0.024545 0.086093
1 0.813935 0.182947 0.012668 0.038079
1 0.823436 0.21606 0.014252 0.041391
1 0.837292 0.205298 0.015044 0.039735
1 0.81156 0.241722 0.015835 0.046358
1 0.820665 0.300497 0.016627 0.057947
1 0.77593 0.180464 0.011085 0.033113
1 0.76247 0.188742 0.012668 0.033113
1 0.783452 0.199503 0.015044 0.038079
1 0.77118 0.275662 0.019002 0.057947
1 0.749406 0.222682 0.016627 0.051325
1 0.737134 0.213576 0.014252 0.036424
1 0.727237 0.253311 0.019794 0.05298
1 0.69517 0.205298 0.017419 0.046358
1 0.696358 0.135762 0.011876 0.036424
1 0.71734 0.15149 0.012668 0.041391
1 0.691607 0.153974 0.01346 0.039735
1 0.671021 0.224338 0.018211 0.051325
1 0.729216 0.397351 0.025337 0.072848
1 0.665083 0.399007 0.023753 0.069536
1 0.807997 0.456954 0.032462 0.086093
1 0.659541 0.125828 0.011085 0.033113
1 0.63658 0.123344 0.014252 0.034768
1 0.653998 0.144868 0.012668 0.034768
1 0.66152 0.177152 0.01346 0.036424
1 0.596991 0.119205 0.011085 0.036424
1 0.586698 0.13245 0.012668 0.033113
1 0.59422 0.156457 0.01346 0.034768
1 0.613222 0.149007 0.01346 0.033113
1 0.617577 0.17053 0.012668 0.036424
1 0.62114 0.195364 0.01346 0.046358
1 0.60966 0.29553 0.020586 0.057947
1 0.58749 0.192881 0.014252 0.044702
1 0.562549 0.13245 0.01346 0.033113
1 0.558987 0.15149 0.014252 0.031457
1 0.531275 0.157285 0.015835 0.033113
1 0.559382 0.211093 0.015044 0.041391
1 0.585115 0.331126 0.025337 0.059603
1 0.610451 0.363411 0.023753 0.057947
1 0.512272 0.057119 0.014252 0.028146
1 0.460016 0.153974 0.012668 0.036424
1 0.485352 0.162252 0.014252 0.043046
1 0.498416 0.149007 0.011876 0.033113
1 0.5 0.202815 0.015044 0.044702
1 0.483769 0.231788 0.019002 0.05298
1 0.43943 0.194536 0.014252 0.041391
1 0.42399 0.173013 0.01346 0.038079
1 0.399842 0.232616 0.015835 0.048013
1 0.449327 0.293874 0.022961 0.057947
1 0.378464 0.17798 0.015835 0.038079
1 0.361837 0.20447 0.014252 0.044702
1 0.374109 0.260762 0.018211 0.054636
1 0.322644 0.206126 0.018211 0.044702
1 0.322249 0.235099 0.015835 0.039735
1 0.361441 0.245033 0.021378 0.036424
1 0.265241 0.245033 0.014252 0.043046
1 0.233571 0.25745 0.011085 0.041391
1 0.246239 0.261589 0.017419 0.043046
1 0.106492 0.550497 0.041964 0.107616