1 0.02 0.401685 0.0256 0.053371
1 0.2352 0.327949 0.0192 0.037921
1 0.262 0.337079 0.0216 0.044944
1 0.2856 0.352528 0.0208 0.047753
1 0.282 0.29986 0.0184 0.037921
1 0.336 0.349719 0.0224 0.047753
1 0.3744 0.339185 0.0192 0.037921
1 0.3696 0.311798 0.0176 0.033708
1 0.3536 0.283708 0.0176 0.036517
1 0.402 0.330056 0.0216 0.036517
1 0.4432 0.332865 0.0224 0.039326
1 0.406 0.29073 0.0168 0.030899
1 0.3972 0.273174 0.0152 0.026685
1 0.394 0.246489 0.0136 0.026685
1 0.4252 0.273174 0.0168 0.032303
1 0.422 0.254213 0.012 0.025281
1 0.4512 0.238062 0.0128 0.026685
1 0.464 0.233848 0.0128 0.026685
1 0.4668 0.264747 0.0184 0.032303
1 0.4648 0.301264 0.0176 0.029494
1 0.4412 0.299157 0.02 0.033708
1 0.4948 0.257725 0.0168 0.029494
1 0.5136 0.305478 0.0192 0.035112
1 0.5412 0.27809 0.02 0.042135
1 0.5108 0.239466 0.0152 0.029494
1 0.5428 0.218399 0.0136 0.023876
1 0.5272 0.259129 0.016 0.029494
1 0.562 0.235253 0.0152 0.026685
1 0.5504 0.250702 0.0176 0.029494
1 0.5624 0.21559 0.0144 0.023876
1 0.5844 0.224017 0.0152 0.026685
1 0.5884 0.242275 0.0136 0.026685
1 0.6 0.199438 0.0128 0.030899
1 0.616 0.208567 0.0128 0.026685
1 0.6284 0.219101 0.0152 0.02809
1 0.628 0.25 0.0144 0.030899
1 0.642 0.207865 0.012 0.019663
1 0.662 0.224017 0.0168 0.032303
1 0.6736 0.221208 0.0112 0.029494
1 0.6876 0.247893 0.0152 0.035112
1 0.6692 0.257725 0.0168 0.032303
1 0.626 0.287921 0.02 0.039326
1 0.5828 0.322331 0.0184 0.043539
1 0.5344 0.394663 0.0272 0.053371
1 0.5316 0.352528 0.0248 0.050562
1 0.4932 0.386938 0.0264 0.063202
1 0.6032 0.421348 0.032 0.070225
1 0.5992 0.366573 0.0256 0.053371
1 0.6376 0.325843 0.0208 0.047753
1 0.6812 0.344803 0.0232 0.051966
1 0.6532 0.375 0.0264 0.061798
1 0.6528 0.436798 0.0352 0.070225
1 0.7012 0.497893 0.0408 0.085674
1 0.7092 0.283708 0.0152 0.039326
1 0.7332 0.261236 0.0152 0.033708
1 0.7276 0.214888 0.0152 0.030899
1 0.744 0.242978 0.0144 0.025281
1 0.7676 0.225421 0.0152 0.037921
1 0.7476 0.274579 0.0184 0.035112
1 0.7948 0.29073 0.0152 0.039326
1 0.7932 0.235253 0.0136 0.026685
1 0.7588 0.255618 0.0136 0.033708
1 0.7224 0.386938 0.0256 0.054775
1 0.7556 0.400281 0.0264 0.05618
1 0.7932 0.358146 0.0232 0.050562
1 0.8264 0.447331 0.0352 0.06882
1 0.8164 0.516854 0.0392 0.070225
1 0.8916 0.45927 0.0328 0.070225
1 0.8992 0.391152 0.0272 0.051966
1 0.9084 0.346208 0.0184 0.037921
1 0.8544 0.358848 0.024 0.046348
1 0.8368 0.402388 0.024 0.043539
1 0.8304 0.298455 0.0176 0.037921
1 0.8392 0.274579 0.0144 0.029494
1 0.828 0.247893 0.016 0.032303
1 0.8588 0.249298 0.0136 0.032303
1 0.8748 0.277388 0.0168 0.037921
1 0.8532 0.3125 0.0168 0.037921
1 0.906 0.310393 0.0136 0.033708
1 0.9144 0.286517 0.0112 0.025281
1 0.9144 0.268961 0.016 0.032303