1 0.05625 0.442777 0.06 0.086304
1 0.13625 0.400563 0.0325 0.058161
1 0.163125 0.418386 0.05125 0.090056
1 0.1975 0.385553 0.04 0.065666
1 0.245 0.417448 0.04 0.061914
1 0.280625 0.398687 0.04125 0.058161
1 0.255 0.376173 0.025 0.046904
1 0.335625 0.371482 0.02875 0.056285
1 0.4075 0.462477 0.0625 0.095685
1 0.411875 0.41651 0.04375 0.06379
1 0.449375 0.395872 0.04375 0.075047
1 0.506875 0.273921 0.02625 0.04878
1 0.52875 0.371482 0.04 0.06379
1 0.553125 0.443715 0.04625 0.073171
1 0.57625 0.397749 0.04 0.067542
1 0.620625 0.468105 0.06375 0.106942
1 0.6525 0.386492 0.0325 0.052533
1 0.68625 0.414634 0.0275 0.045028
1 0.72 0.420263 0.035 0.052533
1 0.7325 0.389306 0.03 0.043152
1 0.774375 0.390244 0.03875 0.060038
1 0.806875 0.438086 0.05125 0.061914
1 0.84375 0.43152 0.03 0.056285
1 0.950625 0.491557 0.07375 0.116323
1 0.934375 0.427767 0.06375 0.090056