1 0.021094 0.28979 0.039062 0.099099
1 0.092188 0.39039 0.046875 0.108108
1 0.100781 0.292793 0.032813 0.075075
1 0.140625 0.352853 0.0375 0.069069
1 0.171094 0.316817 0.026562 0.057057
1 0.204687 0.345345 0.040625 0.072072
1 0.213281 0.427928 0.064062 0.093093
1 0.35 0.447447 0.028125 0.072072
1 0.366406 0.59009 0.064062 0.141141
1 0.475 0.569069 0.05 0.099099
1 0.528125 0.496997 0.021875 0.057057
1 0.509375 0.433934 0.021875 0.045045
1 0.515625 0.417417 0.01875 0.036036
1 0.465625 0.411411 0.015625 0.036036
1 0.557813 0.424925 0.015625 0.033033
1 0.560156 0.403904 0.014063 0.021021
1 0.610156 0.438438 0.017188 0.036036
1 0.63125 0.411411 0.015625 0.024024
1 0.659375 0.444444 0.01875 0.036036
1 0.723437 0.459459 0.0125 0.036036
1 0.675781 0.524024 0.026562 0.051051
1 0.645312 0.581081 0.025 0.051051
1 0.613281 0.51952 0.023438 0.06006
1 0.576562 0.5 0.01875 0.045045
1 0.74375 0.524024 0.01875 0.045045
1 0.772656 0.576577 0.023438 0.054054
1 0.792188 0.536036 0.021875 0.045045
1 0.790625 0.5 0.01875 0.045045
1 0.890625 0.496997 0.05625 0.111111