1 0.0755 0.501499 0.045 0.076462
1 0.161 0.492504 0.04 0.076462
1 0.228 0.508996 0.038 0.061469
1 0.261 0.532234 0.04 0.062969
1 0.237 0.62069 0.04 0.062969
1 0.338 0.633433 0.04 0.070465
1 0.303 0.506747 0.038 0.062969
1 0.335 0.514993 0.038 0.064468
1 0.411 0.498501 0.03 0.058471
1 0.4405 0.516492 0.029 0.055472
1 0.4865 0.523238 0.037 0.062969
1 0.452 0.615442 0.04 0.058471
1 0.4435 0.696402 0.033 0.067466
1 0.566 0.62069 0.044 0.068966
1 0.5245 0.52099 0.027 0.058471
1 0.5635 0.507496 0.027 0.052474
1 0.6005 0.523238 0.031 0.047976
1 0.632 0.498501 0.036 0.061469
1 0.674 0.514243 0.03 0.05997
1 0.7035 0.527736 0.031 0.065967
1 0.6735 0.634183 0.043 0.071964
1 0.75 0.523238 0.032 0.062969
1 0.788 0.511994 0.034 0.064468
1 0.868 0.549475 0.034 0.061469
1 0.9265 0.526987 0.039 0.076462