1 0.5725 0.506897 0.045 0.117241
1 0.685 0.477586 0.033333 0.086207
1 0.745 0.356897 0.036667 0.07931
1 0.774167 0.348276 0.011667 0.027586
1 0.665 0.384483 0.013333 0.037931
1 0.653333 0.406897 0.016667 0.041379
1 0.626667 0.382759 0.013333 0.027586
1 0.7075 0.343103 0.011667 0.024138
1 0.599167 0.403448 0.015 0.034483
1 0.535 0.343103 0.01 0.024138
1 0.485 0.410345 0.02 0.062069
1 0.434167 0.341379 0.015 0.034483
1 0.456667 0.372414 0.01 0.02069
1 0.418333 0.481034 0.033333 0.07931
1 0.404167 0.434483 0.025 0.055172
1 0.34 0.431034 0.023333 0.048276
1 0.351667 0.463793 0.023333 0.072414
1 0.285 0.47931 0.036667 0.075862
1 0.304167 0.439655 0.018333 0.044828
1 0.321667 0.405172 0.016667 0.037931
1 0.2475 0.45 0.025 0.058621
1 0.196667 0.546552 0.04 0.086207
1 0.188333 0.45 0.023333 0.058621
1 0.164167 0.412069 0.018333 0.044828
1 0.160833 0.455172 0.021667 0.048276
1 0.134167 0.393103 0.015 0.034483
1 0.1125 0.391379 0.011667 0.031034
1 0.101667 0.384483 0.01 0.031034
1 0.071667 0.37931 0.013333 0.027586
1 0.269167 0.35 0.008333 0.031034
1 0.221667 0.382759 0.01 0.027586
1 0.2325 0.4 0.011667 0.034483
1 0.2075 0.413793 0.011667 0.027586