1 0.10509 0.421008 0.042413 0.085714
1 0.298775 0.216807 0.01508 0.036975
1 0.31197 0.232773 0.01885 0.035294
1 0.325165 0.246218 0.01885 0.042017
1 0.352969 0.246218 0.023563 0.042017
1 0.329877 0.188235 0.016965 0.036975
1 0.336475 0.205882 0.01885 0.031933
1 0.359095 0.191597 0.01885 0.040336
1 0.397267 0.2 0.016023 0.033613
1 0.385485 0.24958 0.01885 0.045378
1 0.413761 0.247059 0.024505 0.05042
1 0.420358 0.210084 0.01885 0.043697
1 0.441565 0.227731 0.023563 0.042017
1 0.385014 0.205042 0.014138 0.040336
1 0.485862 0.223529 0.017908 0.036975
1 0.429783 0.166387 0.01508 0.033613
1 0.433553 0.143697 0.01885 0.035294
1 0.446748 0.170588 0.01508 0.031933
1 0.459943 0.158824 0.013195 0.031933
1 0.471254 0.143697 0.01508 0.035294
1 0.495287 0.179832 0.016023 0.033613
1 0.523563 0.184874 0.016023 0.033613
1 0.494816 0.152101 0.013195 0.028571
1 0.508954 0.146218 0.013195 0.026891
1 0.505655 0.117647 0.014138 0.023529
1 0.527804 0.129412 0.013195 0.026891
1 0.54524 0.126891 0.014138 0.028571
1 0.553723 0.184874 0.014138 0.036975
1 0.546183 0.167227 0.012253 0.02521
1 0.564562 0.153782 0.013195 0.031933
1 0.549953 0.147059 0.012253 0.021849
1 0.575872 0.127731 0.013195 0.030252
1 0.581527 0.115126 0.01131 0.02521
1 0.586239 0.169748 0.01885 0.033613
1 0.617813 0.156303 0.016023 0.030252
1 0.597078 0.134454 0.017908 0.030252
1 0.607917 0.114286 0.01131 0.023529
1 0.62394 0.12521 0.01508 0.031933
1 0.66164 0.123529 0.01508 0.02521
1 0.660697 0.103361 0.013195 0.028571
1 0.686145 0.12605 0.01508 0.030252
1 0.694156 0.110084 0.014138 0.02521
1 0.71442 0.110924 0.01508 0.033613
1 0.692743 0.156303 0.01885 0.036975
1 0.72196 0.158824 0.016965 0.038655
1 0.709708 0.184874 0.01885 0.040336
1 0.714892 0.217647 0.019793 0.045378
1 0.687088 0.235294 0.02262 0.047059
1 0.675778 0.196639 0.01885 0.043697
1 0.62771 0.234454 0.02262 0.048739
1 0.619698 0.20084 0.017908 0.035294
1 0.572573 0.239496 0.027333 0.052101
1 0.50377 0.279832 0.031103 0.058824
1 0.553252 0.297479 0.03393 0.070588
1 0.602733 0.331933 0.025448 0.072269
1 0.66918 0.339496 0.035815 0.07395
1 0.727615 0.296639 0.024505 0.058824
1 0.764844 0.244538 0.023563 0.048739
1 0.754948 0.190756 0.01885 0.042017
1 0.755419 0.153782 0.014138 0.02521
1 0.747879 0.131933 0.014138 0.031933
1 0.773798 0.137815 0.013195 0.033613
1 0.789821 0.155462 0.016965 0.035294
1 0.807257 0.155462 0.016023 0.038655
1 0.79312 0.236134 0.021678 0.052101
1 0.820452 0.242857 0.019793 0.052101
1 0.787465 0.297479 0.023563 0.057143
1 0.745052 0.385714 0.031103 0.078992
1 0.807257 0.42521 0.038643 0.07395
1 0.842601 0.319328 0.03016 0.063866
1 0.871348 0.255462 0.019793 0.047059
1 0.88737 0.226891 0.016023 0.047059
1 0.888313 0.431092 0.032988 0.082353
1 0.909048 0.341176 0.027333 0.070588
1 0.918002 0.279832 0.02262 0.055462
1 0.931668 0.226891 0.017908 0.053782