1 0.856115 0.627427 0.086331 0.123786
1 0.105216 0.524272 0.03777 0.058252
1 0.170863 0.519417 0.028777 0.058252
1 0.202338 0.54733 0.055755 0.084951
1 0.249101 0.48665 0.023381 0.036408
1 0.282374 0.485437 0.02518 0.038835
1 0.303058 0.578883 0.066547 0.099515
1 0.33723 0.495146 0.03777 0.058252
1 0.406475 0.480583 0.02518 0.038835
1 0.408273 0.538835 0.043165 0.067961
1 0.465827 0.603155 0.07554 0.114078
1 0.447842 0.493932 0.017986 0.031553
1 0.478417 0.474515 0.021583 0.031553
1 0.490108 0.481796 0.019784 0.036408
1 0.513489 0.468447 0.01259 0.029126
1 0.529676 0.461165 0.016187 0.024272
1 0.56205 0.474515 0.023381 0.026699
1 0.603417 0.478155 0.026978 0.033981
1 0.611511 0.526699 0.039568 0.067961
1 0.654676 0.614078 0.071942 0.106796
1 0.826439 0.532767 0.034173 0.055825
1 0.741906 0.479369 0.026978 0.041262
1 0.720324 0.478155 0.016187 0.033981
1 0.673561 0.496359 0.026978 0.036408
1 0.67446 0.427184 0.010791 0.024272
1 0.710432 0.428398 0.017986 0.021845
1 0.747302 0.433252 0.019784 0.021845
1 0.788669 0.46966 0.019784 0.026699
1 0.82464 0.480583 0.019784 0.029126
1 0.842626 0.463592 0.016187 0.029126
1 0.871403 0.470874 0.019784 0.029126
1 0.899281 0.475728 0.017986 0.029126
1 0.910971 0.463592 0.016187 0.029126
1 0.927158 0.45267 0.019784 0.031553
1 0.94964 0.492718 0.02518 0.038835
1 0.980216 0.476942 0.021583 0.041262
1 0.88759 0.421117 0.01259 0.01699
1 0.854317 0.418689 0.014388 0.021845
1 0.827338 0.413835 0.017986 0.021845
1 0.793165 0.428398 0.017986 0.021845