1 0.239847 0.183538 0.068966 0.105317
1 0.277778 0.554703 0.097318 0.123722
1 0.404215 0.487219 0.077395 0.113497
1 0.490421 0.47955 0.075096 0.09407
1 0.5659 0.474438 0.066667 0.087935
1 0.631418 0.465746 0.0659 0.084867
1 0.673563 0.448364 0.056705 0.080777
1 0.72567 0.421268 0.058238 0.07771
1 0.788123 0.373722 0.049808 0.068507
1 0.809195 0.361452 0.038314 0.058282
1 0.447893 0.779652 0.160153 0.234151
1 0.605364 0.72546 0.153257 0.197342
1 0.730268 0.626278 0.133333 0.166667
1 0.727203 0.532209 0.116475 0.125767
1 0.787356 0.492843 0.08659 0.108384
1 0.829885 0.481084 0.05977 0.109407
1 0.932567 0.466258 0.093487 0.104294