1 0.083201 0.453212 0.041204 0.090782
1 0.287242 0.26676 0.024564 0.039106
1 0.310222 0.218575 0.01981 0.037709
1 0.347464 0.210196 0.018225 0.034916
1 0.337163 0.254888 0.01981 0.034916
1 0.369255 0.269553 0.022187 0.050279
1 0.368067 0.211592 0.018225 0.037709
1 0.39897 0.22067 0.021395 0.036313
1 0.390254 0.276536 0.027734 0.041899
1 0.421157 0.181564 0.015055 0.036313
1 0.449683 0.211592 0.018225 0.046089
1 0.477417 0.223464 0.01664 0.03352
1 0.466323 0.136872 0.015055 0.03352
1 0.484945 0.131983 0.015848 0.02933
1 0.493265 0.15014 0.015055 0.032123
1 0.502773 0.134078 0.015055 0.02514
1 0.522187 0.130587 0.014263 0.02095
1 0.502377 0.181564 0.028526 0.039106
1 0.53962 0.164106 0.015848 0.034916
1 0.552298 0.124302 0.015848 0.027933
1 0.562995 0.134777 0.022979 0.02933
1 0.556656 0.182263 0.018225 0.037709
1 0.5729 0.115922 0.014263 0.02514
1 0.589937 0.101955 0.021395 0.027933
1 0.6042 0.122207 0.021395 0.037709
1 0.610935 0.141061 0.012678 0.02514
1 0.637876 0.094972 0.012678 0.02514
1 0.66046 0.106145 0.013471 0.030726
1 0.646989 0.129888 0.015055 0.027933
1 0.671553 0.115922 0.010301 0.022346
1 0.696117 0.10405 0.010301 0.02095
1 0.557845 0.227654 0.022187 0.044693
1 0.559033 0.273045 0.022979 0.046089
1 0.615293 0.236034 0.024564 0.050279
1 0.614501 0.206006 0.021395 0.043296
1 0.679081 0.193436 0.022187 0.040503
1 0.659271 0.26257 0.025357 0.047486
1 0.627575 0.340084 0.030111 0.048883
1 0.705626 0.219972 0.022979 0.034916
1 0.708003 0.161313 0.018225 0.037709
1 0.720285 0.184358 0.020602 0.03352
1 0.731379 0.13757 0.019017 0.032123
1 0.751189 0.134777 0.020602 0.037709
1 0.780111 0.111732 0.01664 0.02514
1 0.777338 0.145251 0.022187 0.041899
1 0.748019 0.239525 0.028526 0.051676
1 0.802298 0.280028 0.026149 0.048883
1 0.800713 0.115922 0.018225 0.03352
1 0.809033 0.156425 0.020602 0.030726
1 0.837163 0.238128 0.022979 0.048883
1 0.825277 0.13338 0.015055 0.034916
1 0.858558 0.136173 0.01981 0.02933
1 0.855388 0.166201 0.015055 0.030726
1 0.896593 0.140363 0.013471 0.034916
1 0.887876 0.188547 0.015055 0.02514
1 0.828051 0.300279 0.025357 0.047486
1 0.840333 0.360335 0.022979 0.064246
1 0.884311 0.331006 0.030111 0.064246
1 0.888669 0.442039 0.035658 0.076816
1 0.875594 0.244413 0.023772 0.050279
1 0.912837 0.231145 0.023772 0.043296
1 0.929081 0.197626 0.011886 0.032123
1 0.932647 0.15014 0.007924 0.026536
1 0.905705 0.296089 0.026941 0.061453
1 0.862124 0.202514 0.019017 0.036313
1 0.773772 0.217877 0.030903 0.058659
1 0.752773 0.175279 0.025357 0.040503
1 0.804279 0.243017 0.023772 0.044693
1 0.827258 0.209497 0.025357 0.039106
1 0.580428 0.147346 0.030903 0.037709
1 0.469889 0.164804 0.019017 0.030726
1 0.432647 0.182263 0.025357 0.034916
1 0.453645 0.185056 0.015055 0.02933
1 0.616482 0.09567 0.020602 0.023743
1 0.71355 0.134777 0.021395 0.02933