1 0.0175 0.555 0.031667 0.065
1 0.0675 0.5575 0.038333 0.055
1 0.069167 0.5325 0.021667 0.05
1 0.108333 0.53125 0.03 0.0525
1 0.158333 0.54 0.033333 0.045
1 0.175 0.52375 0.02 0.0325
1 0.210833 0.55 0.041667 0.065
1 0.264167 0.55875 0.041667 0.0675
1 0.263333 0.51 0.026667 0.04
1 0.301667 0.535 0.03 0.045
1 0.304167 0.5175 0.021667 0.035
1 0.341667 0.55 0.03 0.05
1 0.348333 0.52625 0.026667 0.0375
1 0.380833 0.52375 0.025 0.0375
1 0.4225 0.58375 0.051667 0.0725
1 0.393333 0.55125 0.03 0.0475
1 0.5 0.57625 0.056667 0.0925
1 0.464167 0.5425 0.025 0.045
1 0.4775 0.52125 0.025 0.0375
1 0.541667 0.56125 0.033333 0.0625
1 0.530833 0.52125 0.028333 0.0425
1 0.618333 0.57625 0.04 0.0575
1 0.6125 0.54125 0.031667 0.0525
1 0.649167 0.415 0.025 0.05
1 0.686667 0.61625 0.05 0.0925
1 0.6975 0.55625 0.028333 0.0525
1 0.671667 0.55125 0.026667 0.0525
1 0.733333 0.5775 0.043333 0.065
1 0.754167 0.535 0.031667 0.05
1 0.795 0.6225 0.06 0.095
1 0.793333 0.54875 0.036667 0.0475
1 0.866667 0.59125 0.046667 0.0725
1 0.844167 0.54875 0.031667 0.0525
1 0.901667 0.5525 0.03 0.06
1 0.9325 0.55125 0.031667 0.0525
1 0.9075 0.44625 0.035 0.0475