1 0.4175 0.41375 0.075 0.1225
1 0.645833 0.41875 0.061667 0.0925
1 0.77 0.415 0.06 0.095
1 0.833333 0.38125 0.043333 0.0625
1 0.880833 0.39375 0.048333 0.0825
1 0.761667 0.35125 0.04 0.0625
1 0.725 0.3625 0.026667 0.055
1 0.670833 0.34875 0.025 0.0475
1 0.6475 0.34375 0.018333 0.0325
1 0.628333 0.36875 0.026667 0.0425
1 0.595833 0.3625 0.021667 0.04
1 0.574167 0.355 0.028333 0.045
1 0.534167 0.34375 0.025 0.0375
1 0.483333 0.3375 0.016667 0.035
1 0.465833 0.32875 0.021667 0.0425
1 0.424167 0.34 0.021667 0.04
1 0.388333 0.345 0.02 0.035
1 0.371667 0.35 0.016667 0.035
1 0.354167 0.35 0.025 0.035
1 0.321667 0.35875 0.02 0.0325
1 0.308333 0.34 0.023333 0.04
1 0.283333 0.3475 0.026667 0.045
1 0.2475 0.4075 0.071667 0.135
1 0.16 0.40125 0.066667 0.1075