1 0.471667 0.627219 0.016667 0.029586
1 0.1575 0.960059 0.051667 0.079882
1 0.203333 0.911243 0.036667 0.071006
1 0.298333 0.897929 0.033333 0.06213
1 0.324167 0.841716 0.028333 0.056213
1 0.351667 0.800296 0.02 0.032544
1 0.27 0.79142 0.023333 0.038462
1 0.2575 0.807692 0.021667 0.04142
1 0.233333 0.822485 0.023333 0.04142
1 0.22 0.843195 0.023333 0.047337
1 0.118333 0.85503 0.043333 0.071006
1 0.108333 0.800296 0.02 0.044379
1 0.058333 0.795858 0.026667 0.047337
1 0.014167 0.798817 0.025 0.047337
1 0.171667 0.792899 0.02 0.04142
1 0.225 0.785503 0.02 0.044379
1 0.615833 0.786982 0.025 0.04142
1 0.6525 0.835799 0.028333 0.056213
1 0.670833 0.866864 0.031667 0.053254
1 0.698333 0.813609 0.023333 0.047337
1 0.7 0.785503 0.023333 0.044379
1 0.743333 0.878698 0.04 0.088757
1 0.736667 0.823964 0.026667 0.038462
1 0.7775 0.862426 0.038333 0.056213
1 0.784167 0.775148 0.028333 0.047337
1 0.771667 0.792899 0.023333 0.047337
1 0.793333 0.813609 0.023333 0.04142
1 0.819167 0.825444 0.021667 0.04142
1 0.830833 0.862426 0.028333 0.050296
1 0.886667 0.909763 0.04 0.06213
1 0.8675 0.815089 0.025 0.050296
1 0.9125 0.773669 0.021667 0.038462
1 0.911667 0.809172 0.02 0.038462
1 0.929167 0.844675 0.031667 0.050296
1 0.978333 0.887574 0.036667 0.071006
1 0.984167 0.823964 0.028333 0.050296
1 0.978333 0.79142 0.023333 0.038462
1 0.988333 0.767751 0.02 0.038462