1 0.12125 0.338333 0.23 0.54
1 0.260625 0.3225 0.02875 0.031667
1 0.2575 0.289167 0.03 0.035
1 0.38875 0.229167 0.025 0.035
1 0.35375 0.2775 0.0175 0.021667
1 0.361875 0.291667 0.01875 0.026667
1 0.505 0.2875 0.0475 0.058333
1 0.555 0.305833 0.065 0.075
1 0.605 0.283333 0.055 0.063333
1 0.74125 0.288333 0.0675 0.07
1 0.749375 0.256667 0.04625 0.053333
1 0.860625 0.274167 0.05875 0.078333
1 0.926875 0.281667 0.09625 0.123333
1 0.8225 0.268333 0.03 0.036667
1 0.79 0.275833 0.0275 0.031667
1 0.46375 0.3075 0.0325 0.045
1 0.44125 0.2875 0.025 0.031667
1 0.405625 0.2825 0.01625 0.021667