1 0.505 0.48048 0.03 0.042042
1 0.658 0.648649 0.048 0.084084
1 0.813 0.707207 0.07 0.111111
1 0.867 0.635135 0.066 0.111111
1 0.557 0.666667 0.05 0.072072
1 0.498 0.74024 0.072 0.147147
1 0.37 0.893393 0.156 0.195195
1 0.368 0.741742 0.064 0.108108
1 0.445 0.663664 0.042 0.072072
1 0.36 0.656156 0.04 0.069069
1 0.242 0.648649 0.04 0.072072
1 0.202 0.728228 0.056 0.087087
1 0.128 0.690691 0.052 0.078078
1 0.16 0.648649 0.028 0.048048
1 0.1 0.645646 0.032 0.048048
1 0.065 0.635135 0.03 0.045045
1 0.061 0.698198 0.054 0.075075
1 0.052 0.882883 0.1 0.174174
1 0.012 0.672673 0.02 0.06006