1 0.082639 0.746296 0.081944 0.114815
1 0.066667 0.683333 0.063889 0.077778
1 0.090972 0.649074 0.045833 0.068519
1 0.086806 0.541667 0.026389 0.038889
1 0.163889 0.519444 0.030556 0.05
1 0.234722 0.54537 0.025 0.042593
1 0.313889 0.513889 0.025 0.046296
1 0.385417 0.512037 0.029167 0.05
1 0.459722 0.512963 0.027778 0.044444
1 0.534722 0.536111 0.025 0.046296
1 0.595139 0.530556 0.026389 0.038889
1 0.645833 0.532407 0.030556 0.042593
1 0.708333 0.532407 0.025 0.038889
1 0.764583 0.541667 0.029167 0.042593
1 0.823611 0.558333 0.022222 0.042593
1 0.88125 0.532407 0.029167 0.038889
1 0.915972 0.673148 0.040278 0.053704
1 0.877083 0.65463 0.0375 0.057407
1 0.877778 0.624074 0.036111 0.040741
1 0.798611 0.651852 0.047222 0.059259
1 0.765972 0.623148 0.029167 0.05
1 0.731944 0.631481 0.025 0.044444
1 0.674306 0.618519 0.031944 0.055556
1 0.629861 0.696296 0.059722 0.1
1 0.51875 0.684259 0.048611 0.072222
1 0.479861 0.649074 0.048611 0.064815
1 0.439583 0.690741 0.051389 0.074074
1 0.386111 0.680556 0.05 0.064815
1 0.415278 0.616667 0.033333 0.055556
1 0.364583 0.65 0.029167 0.048148
1 0.320139 0.643519 0.031944 0.038889
1 0.315278 0.616667 0.041667 0.059259
1 0.222917 0.669444 0.040278 0.057407
1 0.235417 0.608333 0.026389 0.038889
1 0.510417 0.777778 0.073611 0.103704
1 0.590278 0.857407 0.083333 0.111111
1 0.694444 0.811111 0.075 0.1
1 0.867361 0.883333 0.1625 0.22963
1 0.329167 0.916667 0.111111 0.166667
1 0.335417 0.806481 0.118056 0.135185
1 0.24375 0.766667 0.079167 0.118519
1 0.276389 0.711111 0.055556 0.077778
1 0.177083 0.647222 0.040278 0.05
1 0.14375 0.623148 0.034722 0.053704