1 0.062 0.66967 0.088 0.12012
1 0.062 0.816817 0.1 0.162162
1 0.17 0.653153 0.06 0.087087
1 0.24 0.714715 0.088 0.126126
1 0.264 0.869369 0.176 0.261261
1 0.366 0.794294 0.108 0.201201
1 0.436 0.714715 0.076 0.12012
1 0.446 0.642643 0.04 0.072072
1 0.405 0.65015 0.046 0.081081
1 0.357 0.671171 0.062 0.087087
1 0.295 0.636637 0.05 0.072072
1 0.264 0.62012 0.04 0.063063
1 0.329 0.636637 0.042 0.06006
1 0.518 0.666667 0.056 0.084084
1 0.527 0.636637 0.054 0.078078
1 0.584 0.65015 0.048 0.063063
1 0.424 0.471471 0.036 0.066066
1 0.838 0.638138 0.056 0.081081
1 0.879 0.63964 0.042 0.072072
1 0.94 0.714715 0.072 0.102102
1 0.977 0.615616 0.046 0.078078