1 0.048 0.514865 0.056 0.072973
1 0.07 0.494595 0.04 0.064865
1 0.15 0.495946 0.044 0.062162
1 0.178 0.533784 0.06 0.072973
1 0.204 0.491892 0.028 0.054054
1 0.248 0.506757 0.036 0.062162
1 0.255 0.472973 0.026 0.032432
1 0.303 0.522973 0.05 0.067568
1 0.321 0.47027 0.034 0.043243
1 0.337 0.497297 0.034 0.048649
1 0.372 0.497297 0.036 0.048649
1 0.393 0.481081 0.026 0.032432
1 0.434 0.466216 0.02 0.035135
1 0.449 0.498649 0.026 0.040541
1 0.64 0.528378 0.052 0.078378
1 0.695 0.508108 0.038 0.043243
1 0.72 0.532432 0.048 0.064865
1 0.76 0.571622 0.056 0.089189
1 0.777 0.527027 0.03 0.043243
1 0.814 0.524324 0.044 0.064865
1 0.847 0.554054 0.046 0.064865
1 0.881 0.531081 0.046 0.056757