1 0.085 0.465 0.113333 0.13
1 0.050833 0.355 0.098333 0.135
1 0.2025 0.44 0.071667 0.11
1 0.2175 0.32125 0.068333 0.1175
1 0.285833 0.345 0.055 0.085
1 0.31 0.44 0.073333 0.11
1 0.358333 0.48875 0.06 0.0925
1 0.4125 0.32625 0.071667 0.1175
1 0.548333 0.3675 0.106667 0.195
1 0.439167 0.415 0.065 0.1
1 0.690833 0.62375 0.098333 0.1825
1 0.71 0.77125 0.096667 0.1775
1 0.801667 0.5075 0.1 0.17
1 0.72 0.3975 0.07 0.15
1 0.833333 0.32125 0.073333 0.1625
1 0.959167 0.61625 0.078333 0.1775
1 0.936667 0.78375 0.123333 0.2075
1 0.7075 0.20625 0.035 0.0625
1 0.651667 0.19625 0.033333 0.0625
1 0.574167 0.17875 0.035 0.0575