1 0.134 0.68018 0.084 0.153153
1 0.035 0.602102 0.066 0.111111
1 0.03 0.507508 0.036 0.072072
1 0.032 0.463964 0.032 0.057057
1 0.089 0.462462 0.034 0.054054
1 0.115 0.512012 0.046 0.081081
1 0.125 0.468468 0.034 0.066066
1 0.258 0.509009 0.048 0.075075
1 0.208 0.468468 0.032 0.066066
1 0.25 0.457958 0.036 0.051051
1 0.3 0.564565 0.056 0.096096
1 0.298 0.484985 0.032 0.063063
1 0.31 0.448949 0.028 0.051051
1 0.338 0.444444 0.024 0.054054
1 0.354 0.478979 0.036 0.057057
1 0.376 0.465465 0.032 0.066066
1 0.39 0.456456 0.024 0.054054
1 0.473 0.370871 0.098 0.147147
1 0.331 0.888889 0.15 0.222222
1 0.54 0.774775 0.12 0.222222
1 0.581 0.59009 0.058 0.105105
1 0.588 0.498498 0.04 0.066066
1 0.624 0.475976 0.04 0.075075
1 0.668 0.465465 0.032 0.072072
1 0.656 0.558559 0.052 0.09009
1 0.734 0.516517 0.04 0.084084
1 0.761 0.518018 0.034 0.069069
1 0.781 0.478979 0.034 0.075075
1 0.823 0.612613 0.086 0.144144
1 0.861 0.581081 0.066 0.117117
1 0.886 0.548048 0.044 0.105105
1 0.954 0.557057 0.056 0.087087
1 0.984 0.537538 0.032 0.078078