1 0.068465 0.657585 0.12411 0.192308
1 0.033209 0.571181 0.064281 0.114049
1 0.037037 0.459268 0.070513 0.130609
1 0.016738 0.347756 0.028846 0.080128
1 0.189726 0.359108 0.05146 0.061699
1 0.179487 0.572382 0.097934 0.163462
1 0.270566 0.605769 0.103454 0.201389
1 0.292824 0.922543 0.216702 0.154915
1 0.313657 0.595486 0.087073 0.1664
1 0.387286 0.374065 0.05057 0.091613
1 0.466702 0.481838 0.087607 0.144765
1 0.425659 0.547142 0.083511 0.13969
1 0.55235 0.51429 0.060185 0.098558
1 0.629986 0.559428 0.089744 0.137553
1 0.609865 0.862981 0.176638 0.253739
1 0.697917 0.681757 0.10203 0.180823
1 0.668002 0.496261 0.06713 0.107906
1 0.773237 0.54367 0.064993 0.114049
1 0.835203 0.528579 0.065705 0.108974
1 0.933316 0.741319 0.133369 0.256677
1 0.884437 0.635951 0.087607 0.159188
1 0.957621 0.574519 0.084758 0.151175