1 0.164375 0.680833 0.13125 0.185
1 0.22375 0.6 0.0825 0.116667
1 0.35625 0.664167 0.115 0.155
1 0.446875 0.57 0.07375 0.11
1 0.545 0.625 0.0975 0.136667
1 0.541875 0.55 0.06125 0.09
1 0.829375 0.605 0.06875 0.13
1 0.873125 0.5425 0.04375 0.065
1 0.849375 0.513333 0.03375 0.05
1 0.896875 0.505 0.03875 0.06
1 0.909375 0.490833 0.02375 0.041667
1 0.76625 0.486667 0.0275 0.046667
1 0.744375 0.516667 0.03875 0.056667
1 0.690625 0.511667 0.03625 0.053333
1 0.653125 0.485833 0.02625 0.048333
1 0.63375 0.508333 0.0375 0.053333
1 0.600625 0.4975 0.03125 0.051667
1 0.568125 0.5125 0.03625 0.045
1 0.555625 0.4825 0.02625 0.045
1 0.5175 0.469167 0.0225 0.038333
1 0.500625 0.480833 0.02625 0.045
1 0.4725 0.470833 0.0225 0.035
1 0.464375 0.519167 0.04125 0.058333
1 0.449375 0.491667 0.03125 0.043333
1 0.435625 0.4775 0.03125 0.038333
1 0.405 0.455 0.02 0.03
1 0.401875 0.489167 0.02375 0.038333
1 0.355 0.468333 0.02 0.04
1 0.369375 0.469167 0.01625 0.031667
1 0.3325 0.525833 0.0525 0.075
1 0.3625 0.54 0.0375 0.07
1 0.33625 0.475833 0.015 0.035
1 0.31125 0.486667 0.0225 0.033333
1 0.31 0.461667 0.015 0.026667
1 0.253125 0.460833 0.01625 0.035
1 0.245625 0.510833 0.03625 0.055
1 0.2275 0.465 0.02 0.043333
1 0.201875 0.4625 0.01875 0.031667
1 0.204375 0.5175 0.03125 0.061667
1 0.17625 0.531667 0.0575 0.083333
1 0.15125 0.4675 0.025 0.045
1 0.086875 0.524167 0.05625 0.081667
1 0.09375 0.476667 0.0325 0.046667
1 0.1225 0.488333 0.0275 0.05
1 0.135 0.4725 0.02 0.031667
1 0.071875 0.469167 0.02375 0.031667
1 0.01875 0.4825 0.0325 0.055
1 0.02875 0.455833 0.025 0.028333