1 0.209189 0.40566 0.068426 0.118353
1 0.260508 0.259005 0.018573 0.030875
1 0.278592 0.256432 0.01955 0.036021
1 0.356794 0.234991 0.01955 0.034305
1 0.396383 0.267581 0.020528 0.044597
1 0.364614 0.194683 0.01564 0.02916
1 0.38563 0.198971 0.016618 0.030875
1 0.395406 0.216981 0.016618 0.036021
1 0.402248 0.198113 0.016618 0.02916
1 0.406647 0.174099 0.017595 0.02916
1 0.437928 0.19554 0.017595 0.030875
1 0.432063 0.229846 0.021505 0.041166
1 0.453568 0.151801 0.01173 0.022298
1 0.470186 0.150943 0.013685 0.027444
1 0.483871 0.178388 0.01564 0.034305
1 0.499022 0.180103 0.018573 0.034305
1 0.524927 0.201544 0.01564 0.036021
1 0.523949 0.16295 0.013685 0.027444
1 0.518084 0.126072 0.01173 0.03259
1 0.535191 0.136364 0.018573 0.039451
1 0.546921 0.163808 0.012708 0.025729
1 0.557185 0.175815 0.01564 0.03259
1 0.55914 0.110635 0.01564 0.022298
1 0.565982 0.136364 0.013685 0.02916
1 0.583089 0.140652 0.018573 0.034305
1 0.587488 0.121784 0.013685 0.027444
1 0.598729 0.096913 0.010753 0.025729
1 0.620723 0.101201 0.01173 0.024014
1 0.613392 0.137221 0.014663 0.034305
1 0.608504 0.214408 0.016618 0.034305
1 0.650538 0.132075 0.014663 0.030875
1 0.642229 0.102916 0.01564 0.027444
1 0.669599 0.09777 0.01173 0.024014
1 0.702346 0.098628 0.012708 0.02916
1 0.557185 0.259863 0.021505 0.042882
1 0.497556 0.296741 0.02737 0.044597
1 0.547898 0.317324 0.026393 0.051458
1 0.61437 0.25729 0.024438 0.048027
1 0.621212 0.310463 0.028348 0.051458
1 0.662268 0.21012 0.020528 0.039451
1 0.693548 0.184391 0.022483 0.036021
1 0.744379 0.186964 0.022483 0.048027
1 0.748289 0.229846 0.020528 0.041166
1 0.694037 0.246141 0.029326 0.063465
1 0.692571 0.308748 0.032258 0.058319
1 0.73216 0.345626 0.033236 0.066895
1 0.770772 0.289022 0.028348 0.056604
1 0.784457 0.155232 0.016618 0.036021
1 0.801564 0.127787 0.01564 0.03259
1 0.783969 0.193825 0.01955 0.044597
1 0.807918 0.262436 0.020528 0.051458
1 0.834311 0.292453 0.022483 0.056604
1 0.796676 0.403945 0.033236 0.077187
1 0.897361 0.382504 0.031281 0.06175
1 0.905181 0.318182 0.029326 0.056604
1 0.924731 0.273585 0.02346 0.056604
1 0.86999 0.266724 0.01955 0.046312
1 0.83089 0.190395 0.01955 0.041166
1 0.83089 0.145798 0.017595 0.037736
1 0.844575 0.132075 0.01173 0.027444
1 0.861193 0.158662 0.01564 0.02916
1 0.868524 0.132933 0.012708 0.03259
1 0.907625 0.14494 0.014663 0.02916
1 0.93304 0.158662 0.012708 0.025729
1 0.931574 0.199828 0.01564 0.042882
1 0.923754 0.221269 0.01955 0.048027
1 0.883675 0.185249 0.017595 0.037736
1 0.874878 0.204117 0.017595 0.037736