1 0.393066 0.59824 0.094727 0.178886
1 0.301758 0.469208 0.048828 0.079179
1 0.249512 0.453079 0.036133 0.049853
1 0.23291 0.427419 0.024414 0.039589
1 0.293457 0.421554 0.022461 0.039589
1 0.32959 0.446481 0.022461 0.039589
1 0.378418 0.463343 0.036133 0.061584
1 0.4375 0.51393 0.060547 0.104106
1 0.436035 0.461144 0.047852 0.071848
1 0.401367 0.424487 0.027344 0.048387
1 0.434082 0.3739 0.020508 0.038123
1 0.491699 0.455279 0.02832 0.039589
1 0.472656 0.424487 0.023438 0.033724
1 0.510742 0.423754 0.021484 0.032258
1 0.579102 0.46261 0.027344 0.036657
1 0.623047 0.43695 0.025391 0.038123
1 0.633301 0.498534 0.041992 0.055718
1 0.65918 0.55132 0.056641 0.073314
1 0.599121 0.61437 0.057617 0.079179
1 0.798828 0.691349 0.089844 0.130499
1 0.785645 0.582111 0.057617 0.076246
1 0.927734 0.634897 0.083984 0.1261
1 0.981445 0.606305 0.037109 0.09824
1 0.980957 0.519795 0.03418 0.071848
1 0.892578 0.552786 0.041016 0.061584
1 0.815918 0.501466 0.040039 0.055718
1 0.903809 0.429619 0.03418 0.052786
1 0.860352 0.428886 0.03125 0.045455
1 0.801758 0.429619 0.035156 0.046921
1 0.770996 0.434018 0.026367 0.029326
1 0.729492 0.433284 0.023438 0.030792
1 0.716797 0.465543 0.027344 0.045455
1 0.683594 0.464076 0.037109 0.05132
1 0.588379 0.424487 0.024414 0.039589
1 0.57373 0.438416 0.026367 0.029326