1 0.041 0.533422 0.042 0.066845
1 0.02 0.502674 0.032 0.048128
1 0.02 0.475936 0.028 0.037433
1 0.083 0.487968 0.026 0.045455
1 0.129 0.48262 0.022 0.040107
1 0.135 0.53877 0.038 0.05615
1 0.174 0.53877 0.044 0.072193
1 0.174 0.494652 0.028 0.042781
1 0.222 0.490642 0.024 0.045455
1 0.248 0.495989 0.024 0.034759
1 0.248 0.533422 0.048 0.061497
1 0.312 0.493316 0.036 0.045455
1 0.369 0.494652 0.034 0.048128
1 0.404 0.481283 0.028 0.042781
1 0.403 0.564171 0.062 0.096257
1 0.493 0.481283 0.026 0.042781
1 0.517 0.509358 0.03 0.050802
1 0.526 0.48262 0.016 0.040107
1 0.555 0.504011 0.03 0.045455
1 0.595 0.47861 0.022 0.048128
1 0.836 0.386364 0.072 0.093583