1 0.763 0.442598 0.03 0.05136
1 0.339 0.572508 0.042 0.069486
1 0.415 0.564955 0.042 0.060423
1 0.483 0.567976 0.034 0.054381
1 0.537 0.548338 0.034 0.05136
1 0.582 0.534743 0.028 0.042296
1 0.631 0.516616 0.026 0.042296
1 0.547 0.515106 0.018 0.033233
1 0.506 0.533233 0.02 0.033233
1 0.49 0.507553 0.02 0.030211
1 0.485 0.493958 0.018 0.02719
1 0.439 0.460725 0.018 0.021148
1 0.466 0.509063 0.02 0.02719
1 0.46 0.533233 0.02 0.02719
1 0.454 0.503021 0.016 0.021148
1 0.432 0.519637 0.016 0.030211
1 0.429 0.495468 0.014 0.024169
1 0.417 0.534743 0.018 0.030211
1 0.376 0.528701 0.016 0.030211
1 0.397 0.512085 0.018 0.02719
1 0.369 0.501511 0.014 0.024169
1 0.359 0.542296 0.022 0.045317
1 0.352 0.512085 0.016 0.02719
1 0.338 0.504532 0.016 0.030211
1 0.322 0.507553 0.016 0.024169
1 0.319 0.536254 0.022 0.033233
1 0.306 0.519637 0.02 0.036254
1 0.262 0.567976 0.036 0.054381
1 0.247 0.537764 0.022 0.030211
1 0.276 0.518127 0.012 0.02719
1 0.255 0.516616 0.022 0.030211
1 0.227 0.519637 0.018 0.030211
1 0.208 0.513595 0.016 0.024169
1 0.159 0.546828 0.03 0.042296
1 0.177 0.531722 0.022 0.042296
1 0.151 0.515106 0.022 0.033233
1 0.086 0.521148 0.024 0.033233