1 0.018125 0.343333 0.03375 0.086667
1 0.090625 0.375833 0.07625 0.118333
1 0.248125 0.406667 0.07875 0.106667
1 0.256875 0.321667 0.04625 0.08
1 0.3675 0.331667 0.0525 0.083333
1 0.385 0.285833 0.045 0.071667
1 0.46625 0.35 0.055 0.086667
1 0.4525 0.291667 0.04 0.06
1 0.554375 0.298333 0.04375 0.07
1 0.596875 0.2875 0.03375 0.068333
1 0.768125 0.463333 0.10375 0.173333
1 0.82625 0.384167 0.065 0.118333
1 0.875 0.328333 0.055 0.083333
1 0.978125 0.37 0.04375 0.123333
1 0.965625 0.554167 0.06125 0.168333