1 0.0355 0.459333 0.069 0.118667
1 0.1025 0.407333 0.065 0.1
1 0.037 0.37 0.03 0.057333
1 0.188 0.461333 0.078 0.122667
1 0.2335 0.414667 0.043 0.058667
1 0.206 0.368 0.036 0.053333
1 0.242 0.322 0.02 0.030667
1 0.1565 0.314667 0.019 0.034667
1 0.3165 0.373333 0.031 0.045333
1 0.2765 0.365333 0.023 0.04
1 0.2925 0.350667 0.021 0.037333
1 0.2535 0.354 0.019 0.036
1 0.2395 0.361333 0.021 0.04
1 0.174 0.371333 0.026 0.028
1 0.3945 0.406 0.039 0.057333
1 0.3415 0.375333 0.019 0.036
1 0.3345 0.319333 0.021 0.030667
1 0.363 0.308667 0.014 0.036
1 0.367 0.346667 0.018 0.029333
1 0.398 0.349333 0.026 0.029333
1 0.439 0.344 0.02 0.026667
1 0.423 0.351333 0.012 0.028
1 0.455 0.315333 0.014 0.030667
1 0.68 0.460667 0.076 0.108
1 0.9065 0.606667 0.175 0.261333
1 0.8475 0.452667 0.073 0.092
1 0.7715 0.386667 0.037 0.058667
1 0.7265 0.394667 0.047 0.053333
1 0.716 0.357333 0.026 0.042667
1 0.7155 0.31 0.023 0.038667
1 0.7475 0.349333 0.019 0.032
1 0.74 0.340667 0.014 0.017333
1 0.7715 0.312667 0.023 0.036
1 0.809 0.374667 0.03 0.050667
1 0.839 0.355333 0.02 0.041333
1 0.8815 0.363333 0.019 0.036
1 0.9235 0.362 0.023 0.044
1 0.961 0.416667 0.064 0.086667
1 0.881 0.418 0.05 0.065333
1 0.6665 0.356667 0.023 0.025333
1 0.6435 0.371333 0.031 0.044
1 0.602 0.412 0.052 0.064
1 0.5775 0.386667 0.039 0.048
1 0.565 0.369333 0.026 0.04
1 0.5545 0.35 0.025 0.030667
1 0.5365 0.351333 0.015 0.02
1 0.5285 0.353333 0.013 0.021333
1 0.6105 0.352 0.023 0.042667
1 0.596 0.352 0.018 0.029333
1 0.676 0.344667 0.018 0.022667
1 0.6895 0.336667 0.015 0.025333
1 0.6545 0.344 0.017 0.026667