1 0.083532 0.326117 0.015911 0.032123
1 0.130469 0.300978 0.020684 0.048883
1 0.224741 0.272346 0.029435 0.058659
1 0.187749 0.489525 0.044551 0.085196
1 0.29992 0.265363 0.025457 0.053073
1 0.331344 0.254888 0.02148 0.048883
1 0.369133 0.257682 0.025457 0.046089
1 0.43039 0.213687 0.017502 0.036313
1 0.452665 0.230447 0.019093 0.041899
1 0.431185 0.273045 0.025457 0.054469
1 0.489658 0.310754 0.029435 0.057263
1 0.544153 0.353352 0.02864 0.044693
1 0.717979 0.14176 0.019889 0.043296
1 0.751392 0.15014 0.016706 0.040503
1 0.886635 0.215782 0.02148 0.046089