1 0.530833 0.22929 0.105 0.221893
1 0.745 0.618343 0.05 0.100592
1 0.704167 0.575444 0.028333 0.056213
1 0.850833 0.177515 0.148333 0.349112
1 0.2775 0.738166 0.045 0.079882
1 0.1725 0.761834 0.048333 0.091716
1 0.0975 0.778107 0.035 0.065089
1 0.059167 0.711538 0.021667 0.038462
1 0.1175 0.668639 0.025 0.047337
1 0.166667 0.674556 0.02 0.047337
1 0.219167 0.676036 0.025 0.050296
1 0.275 0.639053 0.023333 0.047337
1 0.3075 0.64497 0.031667 0.059172
1 0.323333 0.591716 0.016667 0.035503
1 0.423333 0.615385 0.02 0.04142
1 0.14 0.591716 0.013333 0.029586
1 0.061667 0.613905 0.016667 0.032544
1 0.0525 0.64645 0.021667 0.032544
1 0.055833 0.676036 0.025 0.026627
1 0.009167 0.671598 0.015 0.053254