1 0.225833 0.443182 0.095 0.169192
1 0.1375 0.388889 0.058333 0.09596
1 0.095833 0.339646 0.048333 0.078283
1 0.069167 0.339646 0.038333 0.073232
1 0.0525 0.30303 0.025 0.050505
1 0.134167 0.275253 0.025 0.030303
1 0.164167 0.296717 0.025 0.042929
1 0.188333 0.27399 0.026667 0.042929
1 0.180833 0.328283 0.035 0.055556
1 0.278333 0.276515 0.02 0.037879
1 0.341667 0.282828 0.023333 0.050505
1 0.3575 0.35101 0.045 0.075758
1 0.409167 0.290404 0.028333 0.045455
1 0.449167 0.308081 0.035 0.060606
1 0.484167 0.271465 0.025 0.042929
1 0.5225 0.383838 0.081667 0.131313
1 0.599167 0.30303 0.025 0.050505
1 0.64 0.295455 0.026667 0.045455
1 0.6625 0.291667 0.025 0.042929
1 0.65 0.401515 0.063333 0.121212
1 0.726667 0.347222 0.043333 0.068182
1 0.789167 0.357323 0.058333 0.098485
1 0.831667 0.315657 0.036667 0.065657