1 0.056152 0.336811 0.088867 0.152012
1 0.168945 0.374069 0.070312 0.110283
1 0.208008 0.412072 0.019531 0.052161
1 0.219727 0.40611 0.019531 0.04918
1 0.239258 0.441878 0.033203 0.055142
1 0.32959 0.414307 0.063477 0.098361
1 0.372559 0.395678 0.045898 0.084948
1 0.42334 0.40462 0.045898 0.081967
1 0.463379 0.414307 0.03418 0.065574
1 0.517578 0.419523 0.037109 0.064083
1 0.492676 0.433681 0.024414 0.041729
1 0.561035 0.45231 0.018555 0.043219
1 0.595215 0.421759 0.03418 0.062593
1 0.623047 0.446349 0.019531 0.034277
1 0.64209 0.447839 0.024414 0.0462
1 0.67627 0.450075 0.030273 0.041729
1 0.711914 0.447839 0.023438 0.040238
1 0.739746 0.45082 0.018555 0.040238
1 0.762207 0.449329 0.022461 0.037258