1 0.065833 0.331111 0.035 0.048889
1 0.096667 0.348889 0.04 0.048889
1 0.148333 0.361111 0.036667 0.055556
1 0.185833 0.375556 0.045 0.057778
1 0.274167 0.351111 0.031667 0.044444
1 0.308333 0.351111 0.033333 0.048889
1 0.3475 0.323333 0.021667 0.033333
1 0.379167 0.351111 0.031667 0.044444
1 0.389167 0.412222 0.061667 0.086667
1 0.453333 0.348889 0.026667 0.04
1 0.475833 0.35 0.028333 0.046667
1 0.526667 0.325556 0.03 0.046667
1 0.65 0.274444 0.036667 0.051111
1 0.503333 0.43 0.07 0.104444
1 0.584167 0.386667 0.041667 0.071111
1 0.673333 0.392222 0.053333 0.077778
1 0.711667 0.352222 0.04 0.051111
1 0.765 0.375556 0.04 0.062222
1 0.808333 0.437778 0.063333 0.102222
1 0.895 0.491111 0.116667 0.16
1 0.906667 0.384444 0.06 0.084444