1 0.14972 0.273361 0.019215 0.041841
1 0.208167 0.479079 0.041633 0.076709
1 0.341473 0.228731 0.018415 0.033473
1 0.378303 0.237796 0.023219 0.040446
1 0.405524 0.232915 0.020016 0.041841
1 0.41193 0.200139 0.021617 0.037657
1 0.446357 0.223152 0.020016 0.041841
1 0.497598 0.192469 0.02482 0.04463
1 0.571657 0.253138 0.027222 0.054393
1 0.66293 0.225941 0.019215 0.04463
1 0.715773 0.232915 0.02562 0.050209
1 0.708567 0.117852 0.017614 0.043236
1 0.59968 0.107392 0.011209 0.025105
1 0.766613 0.11576 0.018415 0.036262
1 0.788631 0.29219 0.02562 0.051604
1 0.827462 0.377964 0.032826 0.069735
1 0.905524 0.392608 0.030424 0.076709
1 0.918335 0.341004 0.02562 0.062762
1 0.891113 0.311018 0.02562 0.064156
1 0.931145 0.235007 0.024019 0.048815
1 0.916733 0.297071 0.02562 0.061367
1 0.881505 0.225941 0.020817 0.04463
1 0.83787 0.196653 0.018415 0.04463
1 0.86269 0.159693 0.013611 0.026499
1 0.902322 0.182706 0.016013 0.033473