1 0.228 0.45045 0.02 0.024024
1 0.563 0.53003 0.038 0.069069
1 0.732 0.558559 0.056 0.102102
1 0.879 0.675676 0.122 0.162162
1 0.844 0.5 0.048 0.063063
1 0.815 0.486486 0.034 0.054054
1 0.825 0.456456 0.03 0.042042
1 0.896 0.456456 0.032 0.042042
1 0.971 0.506006 0.058 0.093093
1 0.758 0.459459 0.024 0.036036
1 0.71 0.477477 0.032 0.06006
1 0.672 0.48048 0.02 0.036036
1 0.685 0.459459 0.026 0.042042
1 0.664 0.471471 0.02 0.036036
1 0.626 0.466967 0.02 0.033033
1 0.552 0.48048 0.024 0.042042
1 0.547 0.459459 0.018 0.024024
1 0.564 0.45045 0.008 0.018018
1 0.489 0.460961 0.014 0.021021
1 0.456 0.462462 0.012 0.018018
1 0.449 0.456456 0.01 0.018018
1 0.426 0.471471 0.024 0.03003
1 0.394 0.475976 0.016 0.021021
1 0.376 0.46997 0.012 0.021021
1 0.356 0.474474 0.012 0.018018
1 0.314 0.475976 0.016 0.021021