1 0.068332 0.517384 0.042413 0.09106
1 0.274741 0.265728 0.017908 0.034768
1 0.282281 0.238411 0.017908 0.036424
1 0.316211 0.240066 0.019793 0.039735
1 0.330349 0.222682 0.019793 0.038079
1 0.341188 0.25 0.01885 0.043046
1 0.373233 0.271523 0.01885 0.039735
1 0.390198 0.282285 0.024505 0.044702
1 0.359095 0.227649 0.016965 0.041391
1 0.370877 0.240066 0.016023 0.02649
1 0.37983 0.23096 0.01508 0.031457
1 0.375589 0.192053 0.014138 0.029801
1 0.390669 0.183775 0.017908 0.033113
1 0.411876 0.196192 0.016965 0.038079
1 0.430254 0.240894 0.021678 0.048013
1 0.444392 0.179636 0.017908 0.041391
1 0.462771 0.198675 0.01885 0.036424
1 0.46984 0.240894 0.023563 0.041391
1 0.467484 0.141556 0.01508 0.031457
1 0.483506 0.135762 0.013195 0.029801
1 0.485862 0.159768 0.016023 0.034768
1 0.491989 0.201159 0.020735 0.041391
1 0.505655 0.166391 0.016023 0.038079
1 0.524034 0.216887 0.024505 0.049669
1 0.537229 0.168046 0.016965 0.044702
1 0.547125 0.158113 0.016023 0.034768
1 0.563148 0.164735 0.021678 0.044702
1 0.567389 0.119205 0.01508 0.036424
1 0.587653 0.146523 0.014138 0.031457
1 0.610745 0.145695 0.01508 0.033113
1 0.595664 0.120861 0.013195 0.02649
1 0.614986 0.118377 0.010368 0.028146
1 0.638549 0.14404 0.017908 0.036424
1 0.642319 0.118377 0.019793 0.034768
1 0.485391 0.312914 0.03393 0.062914
1 0.544769 0.306291 0.03016 0.069536
1 0.590009 0.221026 0.024505 0.057947
1 0.618285 0.208609 0.020735 0.046358
1 0.607917 0.254139 0.02639 0.054636
1 0.6164 0.317881 0.0377 0.062914
1 0.664467 0.25745 0.02639 0.061258
1 0.650801 0.21606 0.023563 0.048013
1 0.667766 0.179636 0.019793 0.041391
1 0.688973 0.144868 0.016965 0.034768
1 0.696041 0.181291 0.019793 0.041391
1 0.696513 0.218543 0.02262 0.049669
1 0.736098 0.199503 0.01885 0.044702
1 0.725259 0.163907 0.021678 0.033113
1 0.711593 0.139901 0.016965 0.034768
1 0.734684 0.115894 0.017908 0.036424
1 0.753534 0.14404 0.016023 0.033113
1 0.764844 0.168874 0.017908 0.036424
1 0.775212 0.138245 0.016023 0.034768
1 0.789821 0.140728 0.013195 0.039735
1 0.8082 0.125828 0.016023 0.039735
1 0.83459 0.140728 0.017908 0.039735
1 0.815269 0.158113 0.016965 0.031457
1 0.801131 0.178808 0.016965 0.036424
1 0.779925 0.210265 0.023563 0.043046
1 0.759189 0.240066 0.021678 0.056291
1 0.72196 0.281457 0.024505 0.056291
1 0.772856 0.296358 0.024505 0.056291
1 0.839774 0.312086 0.028275 0.067881
1 0.82328 0.224338 0.023563 0.048013
1 0.840245 0.187086 0.016023 0.039735
1 0.852969 0.161424 0.01508 0.038079
1 0.881715 0.250828 0.025448 0.051325
1 0.917531 0.271523 0.027333 0.05298
1 0.920829 0.225993 0.020735 0.048013
1 0.889255 0.206126 0.017908 0.048013
1 0.891612 0.175497 0.016965 0.033113
1 0.899623 0.155629 0.016023 0.039735