1 0.203733 0.447257 0.045274 0.084388
1 0.338364 0.21308 0.015886 0.035162
1 0.327244 0.212377 0.012708 0.030942
1 0.274424 0.257384 0.015091 0.030942
1 0.263701 0.25879 0.01112 0.025316
1 0.291898 0.263713 0.018268 0.035162
1 0.310167 0.278481 0.013503 0.033755
1 0.320095 0.28481 0.020651 0.035162
1 0.373709 0.257384 0.018268 0.042194
1 0.391978 0.279184 0.021446 0.046414
1 0.393566 0.225738 0.019857 0.037975
1 0.402701 0.189873 0.015886 0.033755
1 0.416998 0.176512 0.014297 0.029536
1 0.439635 0.154008 0.013503 0.026723
1 0.448769 0.16948 0.015886 0.029536
1 0.456315 0.14346 0.013503 0.028129
1 0.480143 0.138537 0.013503 0.029536
1 0.486894 0.127989 0.009531 0.022504
1 0.511914 0.126582 0.013503 0.022504
1 0.509929 0.14557 0.015886 0.029536
1 0.470612 0.196906 0.011914 0.033755
1 0.501191 0.190577 0.017474 0.035162
1 0.438046 0.215893 0.01668 0.037975
1 0.461875 0.228551 0.021446 0.046414
1 0.536537 0.185654 0.01668 0.036568
1 0.550437 0.158931 0.012708 0.028129
1 0.56672 0.164557 0.01668 0.039381
1 0.560365 0.133615 0.013503 0.030942
1 0.580222 0.108298 0.011914 0.025316
1 0.579031 0.148383 0.012708 0.037975
1 0.604051 0.120253 0.011914 0.026723
1 0.610008 0.14135 0.014297 0.035162
1 0.637808 0.115331 0.014297 0.025316
1 0.656871 0.113924 0.014297 0.028129
1 0.644162 0.165963 0.017474 0.042194
1 0.683479 0.155415 0.013503 0.032349
1 0.690627 0.180731 0.01668 0.046414
1 0.647339 0.222222 0.019063 0.053446
1 0.602859 0.21519 0.02224 0.04782
1 0.566322 0.258087 0.025417 0.057665
1 0.530977 0.30872 0.029388 0.054852
1 0.492454 0.313643 0.027006 0.04782
1 0.647339 0.262307 0.023828 0.054852
1 0.716044 0.154712 0.01668 0.036568
1 0.73749 0.144163 0.013503 0.035162
1 0.758539 0.131505 0.014297 0.029536
1 0.74861 0.161744 0.018268 0.033755
1 0.728753 0.18706 0.021446 0.039381
1 0.71247 0.2173 0.020651 0.037975
1 0.694599 0.314346 0.032566 0.077356
1 0.717633 0.291139 0.021446 0.061885
1 0.749801 0.216596 0.019063 0.039381
1 0.772438 0.210267 0.018268 0.032349
1 0.78197 0.155415 0.011914 0.035162
1 0.797458 0.139944 0.014297 0.032349
1 0.81533 0.153305 0.015091 0.033755
1 0.799444 0.176512 0.01668 0.037975
1 0.831612 0.144866 0.012708 0.030942
1 0.857824 0.142757 0.015886 0.035162
1 0.835584 0.187764 0.015886 0.040788
1 0.814535 0.209564 0.015091 0.036568
1 0.82367 0.226442 0.019063 0.045007
1 0.783161 0.28481 0.025417 0.054852
1 0.752184 0.338959 0.028594 0.073136
1 0.872915 0.19339 0.015886 0.040788
1 0.868546 0.21519 0.015091 0.042194
1 0.853455 0.223629 0.019857 0.050633
1 0.899921 0.26512 0.020651 0.052039
1 0.853852 0.304501 0.025417 0.060478