1 0.015833 0.237589 0.025 0.040189
1 0.010833 0.190307 0.015 0.021277
1 0.025 0.204492 0.016667 0.021277
1 0.038333 0.217494 0.02 0.023641
1 0.061667 0.255319 0.03 0.056738
1 0.083333 0.222222 0.023333 0.037825
1 0.0475 0.195035 0.018333 0.026005
1 0.030833 0.176123 0.018333 0.026005
1 0.078333 0.189125 0.016667 0.023641
1 0.101667 0.198582 0.02 0.023641
1 0.09 0.172577 0.016667 0.018913
1 0.113333 0.225768 0.026667 0.035461
1 0.114167 0.280142 0.045 0.059102
1 0.159167 0.27305 0.041667 0.068558
1 0.18 0.281324 0.03 0.056738
1 0.1975 0.27305 0.035 0.06383
1 0.224167 0.294326 0.048333 0.078014
1 0.2975 0.289598 0.055 0.082742
1 0.3525 0.316785 0.058333 0.099291
1 0.4575 0.325059 0.075 0.115839
1 0.509167 0.254137 0.045 0.073286
1 0.479167 0.217494 0.035 0.056738
1 0.438333 0.212766 0.026667 0.056738
1 0.391667 0.225768 0.043333 0.06383
1 0.3725 0.234043 0.038333 0.061466
1 0.3325 0.21513 0.028333 0.052009
1 0.300833 0.21513 0.025 0.037825
1 0.2725 0.231678 0.035 0.056738
1 0.293333 0.185579 0.02 0.030733
1 0.320833 0.176123 0.021667 0.026005
1 0.273333 0.182033 0.016667 0.023641
1 0.26 0.180851 0.016667 0.030733
1 0.234167 0.192671 0.021667 0.026005
1 0.228333 0.174941 0.02 0.023641
1 0.210833 0.192671 0.021667 0.035461
1 0.200833 0.222222 0.021667 0.033097
1 0.145 0.216312 0.02 0.040189
1 0.175 0.22104 0.02 0.030733
1 0.181667 0.205674 0.023333 0.028369
1 0.18 0.173759 0.02 0.030733
1 0.161667 0.196217 0.02 0.028369
1 0.123333 0.208038 0.02 0.033097
1 0.123333 0.186761 0.02 0.028369
1 0.129167 0.170213 0.021667 0.023641
1 0.240833 0.134752 0.021667 0.033097
1 0.264167 0.111111 0.021667 0.028369
1 0.308333 0.130024 0.023333 0.033097
1 0.358333 0.169031 0.016667 0.030733
1 0.369167 0.158392 0.018333 0.033097
1 0.358333 0.131206 0.016667 0.026005
1 0.371667 0.125296 0.02 0.033097
1 0.399167 0.112293 0.021667 0.035461
1 0.4175 0.12766 0.018333 0.028369
1 0.44 0.128842 0.02 0.030733
1 0.471667 0.105201 0.02 0.035461
1 0.625833 0.41253 0.081667 0.130024
1 0.763333 0.377069 0.093333 0.144208
1 0.843333 0.382979 0.08 0.179669
1 0.92 0.392435 0.156667 0.255319
1 0.83 0.286052 0.06 0.099291
1 0.751667 0.265957 0.056667 0.092199
1 0.646667 0.258865 0.053333 0.078014
1 0.57 0.263593 0.05 0.078014
1 0.581667 0.192671 0.04 0.059102
1 0.550833 0.212766 0.035 0.047281
1 0.5275 0.200946 0.021667 0.042553
1 0.5025 0.174941 0.021667 0.037825
1 0.5175 0.167849 0.018333 0.033097
1 0.499167 0.124113 0.015 0.026005
1 0.53 0.125296 0.016667 0.033097
1 0.549167 0.108747 0.018333 0.028369
1 0.551667 0.163121 0.023333 0.037825
1 0.538333 0.169031 0.02 0.030733
1 0.574167 0.113475 0.021667 0.042553
1 0.590833 0.096927 0.015 0.023641
1 0.589167 0.049645 0.015 0.023641
1 0.6125 0.106383 0.021667 0.037825
1 0.599167 0.128842 0.018333 0.026005
1 0.628333 0.177305 0.036667 0.052009
1 0.6525 0.212766 0.041667 0.056738
1 0.695833 0.210402 0.045 0.070922
1 0.676667 0.165485 0.033333 0.052009
1 0.635833 0.109929 0.021667 0.044917
1 0.686667 0.094563 0.023333 0.037825
1 0.660833 0.059102 0.015 0.028369
1 0.729167 0.092199 0.025 0.042553
1 0.6925 0.05792 0.015 0.021277
1 0.705833 0.049645 0.015 0.023641
1 0.731667 0.044917 0.016667 0.028369
1 0.704167 0.144208 0.028333 0.052009
1 0.7275 0.171395 0.028333 0.049645
1 0.773333 0.174941 0.04 0.066194
1 0.7925 0.217494 0.041667 0.070922
1 0.87 0.21513 0.033333 0.066194
1 0.906667 0.185579 0.05 0.096927
1 0.850833 0.153664 0.041667 0.066194
1 0.825 0.15721 0.026667 0.049645
1 0.815 0.099291 0.033333 0.052009
1 0.786667 0.080378 0.023333 0.042553
1 0.774167 0.107565 0.018333 0.030733
1 0.745833 0.065012 0.018333 0.030733
1 0.768333 0.041371 0.016667 0.030733
1 0.849167 0.082742 0.015 0.023641
1 0.863333 0.107565 0.02 0.035461
1 0.886667 0.082742 0.026667 0.047281
1 0.866667 0.083924 0.013333 0.026005
1 0.925 0.138298 0.03 0.040189
1 0.948333 0.146572 0.026667 0.052009
1 0.988333 0.154846 0.023333 0.044917
1 0.99 0.100473 0.02 0.044917
1 0.9625 0.073286 0.018333 0.037825
1 0.950833 0.107565 0.021667 0.035461
1 0.9425 0.078014 0.018333 0.028369
1 0.928333 0.082742 0.013333 0.023641
1 0.920833 0.107565 0.021667 0.030733
1 0.908333 0.072104 0.016667 0.030733