1 0.075833 0.525556 0.045 0.055556
1 0.160833 0.49 0.038333 0.046667
1 0.2825 0.483333 0.038333 0.051111
1 0.298333 0.517778 0.04 0.062222
1 0.394167 0.471111 0.025 0.048889
1 0.415 0.493333 0.036667 0.048889
1 0.4375 0.544444 0.048333 0.075556
1 0.453333 0.513333 0.04 0.062222
1 0.488333 0.477778 0.026667 0.044444
1 0.494167 0.454444 0.025 0.033333
1 0.5425 0.481111 0.038333 0.046667
1 0.57 0.503333 0.04 0.055556
1 0.550833 0.44 0.025 0.04
1 0.5825 0.435556 0.018333 0.026667
1 0.615833 0.456667 0.028333 0.051111
1 0.639167 0.477778 0.025 0.04
1 0.640833 0.433333 0.021667 0.035556
1 0.6625 0.435556 0.018333 0.026667
1 0.683333 0.45 0.026667 0.042222
1 0.710833 0.454444 0.021667 0.037778
1 0.74 0.437778 0.023333 0.035556
1 0.763333 0.424444 0.02 0.026667
1 0.828333 0.496667 0.056667 0.068889
1 0.853333 0.472222 0.04 0.055556
1 0.884167 0.441111 0.025 0.046667
1 0.903333 0.418889 0.026667 0.046667
1 0.965 0.503333 0.05 0.073333
1 0.951667 0.451111 0.033333 0.053333
1 0.945 0.416667 0.023333 0.033333