1 0.055625 0.650833 0.07625 0.095
1 0.046875 0.569167 0.05125 0.071667
1 0.085625 0.51 0.03625 0.056667
1 0.140625 0.534167 0.03875 0.055
1 0.179375 0.541667 0.03625 0.053333
1 0.180625 0.599167 0.05375 0.075
1 0.15375 0.753333 0.125 0.153333
1 0.2725 0.58 0.055 0.083333
1 0.3175 0.570833 0.0375 0.065
1 0.28125 0.529167 0.0325 0.055
1 0.38 0.665 0.0725 0.11
1 0.421875 0.571667 0.04125 0.066667
1 0.3875 0.5575 0.0425 0.071667
1 0.394375 0.450833 0.02625 0.045
1 0.491875 0.5525 0.03625 0.051667
1 0.540625 0.590833 0.06125 0.088333
1 0.5275 0.815833 0.1325 0.211667
1 0.689375 0.588333 0.05875 0.106667
1 0.635 0.618333 0.055 0.066667
1 0.766875 0.699167 0.10125 0.165
1 0.829375 0.6425 0.06375 0.105
1 0.884375 0.623333 0.06125 0.083333
1 0.916875 0.573333 0.05375 0.076667