1 0.905 0.7875 0.07 0.095
1 0.8775 0.73625 0.051667 0.0775
1 0.868333 0.70375 0.05 0.0725
1 0.9775 0.73625 0.035 0.0675
1 0.645833 0.59 0.045 0.065
1 0.570833 0.6975 0.035 0.055
1 0.54 0.70375 0.04 0.0575
1 0.453333 0.72375 0.05 0.0675
1 0.486667 0.67875 0.03 0.0525
1 0.418333 0.69625 0.043333 0.0625
1 0.355833 0.69 0.031667 0.045
1 0.273333 0.74375 0.073333 0.1025
1 0.305 0.70625 0.05 0.0875
1 0.17 0.69 0.04 0.05
1 0.1 0.72875 0.066667 0.0875
1 0.040833 0.68125 0.041667 0.0675
1 0.0775 0.6675 0.041667 0.075