1 0.029 0.674174 0.054 0.105105
1 0.022 0.593093 0.04 0.069069
1 0.08 0.624625 0.048 0.072072
1 0.059 0.596096 0.03 0.057057
1 0.147 0.606607 0.038 0.06006
1 0.167 0.591592 0.022 0.048048
1 0.399 0.540541 0.03 0.054054
1 0.396 0.585586 0.032 0.06006
1 0.438 0.608108 0.04 0.081081
1 0.476 0.648649 0.056 0.084084
1 0.496 0.570571 0.032 0.048048
1 0.475 0.468468 0.022 0.036036
1 0.557 0.605105 0.046 0.069069
1 0.575 0.702703 0.086 0.144144
1 0.627 0.654655 0.058 0.09009
1 0.661 0.56006 0.026 0.045045
1 0.688 0.576577 0.028 0.042042
1 0.714 0.56006 0.024 0.039039
1 0.772 0.818318 0.14 0.231231
1 0.771 0.692192 0.078 0.123123
1 0.774 0.600601 0.048 0.078078
1 0.788 0.572072 0.032 0.057057
1 0.862 0.557057 0.036 0.051051
1 0.875 0.627628 0.05 0.084084
1 0.897 0.540541 0.03 0.048048
1 0.923 0.567568 0.034 0.054054
1 0.95 0.617117 0.052 0.081081