1 0.044591 0.52765 0.086257 0.179724
1 0.080409 0.451613 0.040936 0.064516
1 0.156433 0.463134 0.035088 0.064516
1 0.173246 0.429724 0.033626 0.057604
1 0.222222 0.456221 0.035088 0.073733
1 0.263158 0.616359 0.122807 0.200461
1 0.27193 0.447005 0.02924 0.046083
1 0.30848 0.4447 0.035088 0.059908
1 0.337719 0.4447 0.023392 0.0553
1 0.357456 0.437788 0.019006 0.041475
1 0.385965 0.443548 0.026316 0.043779
1 0.363304 0.532258 0.057018 0.105991
1 0.437865 0.458525 0.039474 0.059908
1 0.455409 0.449309 0.02193 0.041475
1 0.468567 0.432028 0.016082 0.034562
1 0.483187 0.470046 0.042398 0.069124
1 0.513158 0.441244 0.023392 0.039171
1 0.506579 0.421659 0.016082 0.02765
1 0.538012 0.415899 0.020468 0.034562
1 0.55117 0.435484 0.017544 0.02765
1 0.534357 0.478111 0.042398 0.06682
1 0.600877 0.501152 0.052632 0.09447
1 0.576023 0.430876 0.01462 0.02765
1 0.60307 0.428571 0.016082 0.02765
1 0.629386 0.445853 0.024854 0.062212
1 0.656433 0.475806 0.040936 0.085253
1 0.673246 0.429724 0.013158 0.034562
1 0.657895 0.434332 0.01462 0.029954
1 0.692982 0.453917 0.032164 0.0553
1 0.707602 0.449309 0.023392 0.050691
1 0.726608 0.441244 0.020468 0.043779
1 0.761696 0.425115 0.020468 0.039171
1 0.789474 0.426267 0.01462 0.02765
1 0.825292 0.436636 0.019006 0.029954
1 0.896199 0.520737 0.064327 0.105991
1 0.888889 0.476959 0.040936 0.073733
1 0.960526 0.670507 0.078947 0.267281