1 0.765 0.656156 0.134 0.231231
1 0.876 0.486486 0.052 0.114114
1 0.901 0.438438 0.046 0.078078
1 0.922 0.40991 0.032 0.057057
1 0.947 0.402402 0.03 0.054054
1 0.891 0.387387 0.022 0.042042
1 0.873 0.411411 0.014 0.036036
1 0.86 0.42042 0.02 0.036036
1 0.844 0.421922 0.024 0.039039
1 0.829 0.444444 0.038 0.054054
1 0.839 0.396396 0.026 0.042042
1 0.852 0.384384 0.02 0.036036
1 0.798 0.405405 0.028 0.036036
1 0.774 0.448949 0.044 0.063063
1 0.736 0.43994 0.036 0.057057
1 0.645 0.457958 0.046 0.075075
1 0.427 0.567568 0.086 0.138138
1 0.538 0.436937 0.036 0.045045
1 0.576 0.337838 0.016 0.027027
1 0.672 0.400901 0.02 0.039039
1 0.698 0.388889 0.02 0.033033
1 0.645 0.403904 0.018 0.027027
1 0.604 0.411411 0.028 0.042042
1 0.553 0.408408 0.018 0.03003
1 0.56 0.417417 0.02 0.024024
1 0.583 0.408408 0.018 0.036036
1 0.511 0.429429 0.03 0.048048
1 0.502 0.406907 0.02 0.033033
1 0.479 0.411411 0.022 0.042042
1 0.455 0.426426 0.034 0.054054
1 0.46 0.399399 0.024 0.03003
1 0.429 0.457958 0.038 0.063063
1 0.426 0.424925 0.024 0.033033
1 0.4 0.426426 0.032 0.054054
1 0.363 0.423423 0.022 0.042042
1 0.389 0.474474 0.034 0.042042
1 0.32 0.442943 0.036 0.051051
1 0.34 0.414414 0.02 0.036036
1 0.38 0.406907 0.024 0.045045
1 0.293 0.417417 0.026 0.03003
1 0.293 0.463964 0.046 0.051051
1 0.264 0.424925 0.024 0.045045
1 0.221 0.457958 0.042 0.057057
1 0.231 0.436937 0.026 0.039039
1 0.168 0.432432 0.028 0.042042
1 0.149 0.509009 0.042 0.063063
1 0.098 0.5 0.06 0.075075
1 0.114 0.454955 0.044 0.057057
1 0.146 0.429429 0.024 0.042042
1 0.039 0.54955 0.07 0.108108
1 0.021 0.465465 0.03 0.042042