1 0.037917 0.522209 0.074167 0.120048
1 0.25875 0.509604 0.119167 0.157263
1 0.279583 0.438175 0.085833 0.120048
1 0.11 0.379952 0.026667 0.044418
1 0.354167 0.471188 0.056667 0.104442
1 0.434167 0.559424 0.095 0.151261
1 0.468333 0.471188 0.068333 0.12605
1 0.500417 0.490996 0.039167 0.110444
1 0.53375 0.490996 0.0425 0.086435
1 0.58375 0.507203 0.049167 0.090036
1 0.787917 0.258103 0.114167 0.168067
1 0.553333 0.376351 0.02 0.032413
1 0.6 0.392557 0.023333 0.038415
1 0.45125 0.37575 0.020833 0.038415
1 0.47 0.389556 0.016667 0.022809
1 0.49 0.389556 0.018333 0.030012
1 0.5125 0.39976 0.02 0.028812
1 0.41125 0.440576 0.0475 0.079232
1 0.37625 0.37575 0.020833 0.031212