1 0.155 0.617151 0.10375 0.192127
1 0.1525 0.495314 0.09 0.119025
1 0.123125 0.428304 0.06375 0.101218
1 0.087813 0.3791 0.053125 0.075914
1 0.145 0.356139 0.03875 0.048735
1 0.161562 0.399719 0.034375 0.077788
1 0.136563 0.334114 0.039375 0.051546
1 0.266562 0.312559 0.040625 0.066542
1 0.460313 0.300843 0.031875 0.052484
1 0.529375 0.4597 0.09625 0.162137
1 0.589063 0.306467 0.029375 0.054358
1 0.63625 0.313027 0.0325 0.058107
1 0.689688 0.287254 0.024375 0.049672
1 0.698438 0.332709 0.031875 0.056232
1 0.732812 0.339738 0.034375 0.066542
1 0.744062 0.309278 0.028125 0.044986
1 0.786875 0.35567 0.03625 0.068416
1 0.800312 0.328491 0.034375 0.042174
1 0.835938 0.339738 0.033125 0.072165
1 0.884687 0.342549 0.043125 0.074039
1 0.945 0.365042 0.03875 0.074039
1 0.966562 0.395501 0.050625 0.086223