1 0.044818 0.396352 0.029879 0.063018
1 0.249767 0.290216 0.015873 0.023217
1 0.272176 0.270315 0.01774 0.033167
1 0.302988 0.263682 0.01774 0.036484
1 0.336601 0.280265 0.015873 0.029851
1 0.331933 0.223051 0.014006 0.031509
1 0.348273 0.217247 0.014939 0.026534
1 0.37535 0.21476 0.013072 0.031509
1 0.392624 0.218076 0.014006 0.028192
1 0.426704 0.218076 0.014939 0.024876
1 0.428571 0.269486 0.020542 0.041459
1 0.490196 0.233002 0.018674 0.044776
1 0.455182 0.223051 0.015873 0.031509
1 0.44211 0.201493 0.014006 0.024876
1 0.42577 0.186567 0.016807 0.028192
1 0.424837 0.165008 0.011204 0.018242
1 0.459384 0.169154 0.013072 0.0199
1 0.451914 0.150083 0.009337 0.018242
1 0.477124 0.168325 0.013072 0.021559
1 0.470121 0.149254 0.012138 0.023217
1 0.485061 0.134328 0.010271 0.023217
1 0.499066 0.198176 0.014006 0.024876
1 0.540149 0.200663 0.015873 0.033167
1 0.516807 0.15257 0.014006 0.026534
1 0.530345 0.135158 0.013072 0.031509
1 0.500934 0.155887 0.012138 0.0199
1 0.502334 0.179934 0.013072 0.021559
1 0.549953 0.158375 0.013072 0.031509
1 0.570028 0.181592 0.01774 0.031509
1 0.577965 0.155887 0.013072 0.029851
1 0.558824 0.115257 0.012138 0.021559
1 0.586368 0.124378 0.013072 0.023217
1 0.589169 0.099502 0.011204 0.023217
1 0.618581 0.145937 0.012138 0.026534
1 0.609711 0.121891 0.009337 0.021559
1 0.616713 0.105307 0.010271 0.021559
1 0.635387 0.124378 0.014006 0.026534
1 0.649393 0.104478 0.012138 0.023217
1 0.6662 0.118574 0.014006 0.024876
1 0.698413 0.10199 0.013072 0.031509
1 0.39169 0.198176 0.014006 0.024876
1 0.489262 0.299337 0.020542 0.044776
1 0.568161 0.292703 0.021475 0.044776
1 0.602241 0.332504 0.029879 0.054726
1 0.671335 0.325871 0.028011 0.054726
1 0.711485 0.29602 0.024276 0.044776
1 0.782913 0.298507 0.021475 0.049751
1 0.802988 0.243781 0.020542 0.049751
1 0.746965 0.223051 0.022409 0.041459
1 0.702148 0.20398 0.020542 0.033167
1 0.661531 0.202322 0.019608 0.036484
1 0.638655 0.179104 0.018674 0.033167
1 0.620448 0.222222 0.021475 0.036484
1 0.613912 0.254561 0.021475 0.041459
1 0.563492 0.24461 0.023343 0.048093
1 0.676471 0.150912 0.014006 0.029851
1 0.702614 0.145108 0.012138 0.028192
1 0.724556 0.156716 0.011204 0.031509
1 0.73436 0.128524 0.012138 0.031509
1 0.746032 0.138474 0.014939 0.031509
1 0.746032 0.109453 0.011204 0.026534
1 0.765173 0.131841 0.012138 0.024876
1 0.771242 0.158375 0.014939 0.028192
1 0.732493 0.195688 0.01774 0.036484
1 0.659197 0.262852 0.020542 0.044776
1 0.780579 0.125207 0.009337 0.024876
1 0.795518 0.13267 0.009337 0.023217
1 0.80719 0.131012 0.012138 0.026534
1 0.795985 0.182421 0.01774 0.036484
1 0.813259 0.171642 0.014939 0.028192
1 0.831933 0.140133 0.013072 0.031509
1 0.851074 0.168325 0.012138 0.028192
1 0.859944 0.1534 0.011204 0.028192
1 0.859944 0.128524 0.011204 0.024876
1 0.891223 0.131012 0.012138 0.029851
1 0.88282 0.166667 0.010271 0.021559
1 0.910831 0.167496 0.014006 0.026534
1 0.926237 0.160033 0.011204 0.028192
1 0.922969 0.204809 0.015873 0.034826
1 0.889823 0.199005 0.013072 0.033167
1 0.893557 0.166667 0.011204 0.021559
1 0.864613 0.233831 0.014939 0.036484
1 0.843137 0.197347 0.014939 0.036484