1 0.14 0.217333 0.14 0.205333
1 0.288 0.429333 0.056 0.090667
1 0.317 0.369333 0.034 0.056
1 0.295 0.341333 0.026 0.042667
1 0.387 0.326667 0.03 0.050667
1 0.392 0.412 0.048 0.082667
1 0.449 0.425333 0.054 0.077333
1 0.455 0.334667 0.026 0.04
1 0.521 0.478667 0.066 0.109333
1 0.516 0.398667 0.04 0.061333
1 0.554 0.381333 0.04 0.053333
1 0.534 0.336 0.028 0.048
1 0.661 0.492 0.07 0.093333
1 0.627 0.42 0.054 0.082667
1 0.656 0.398667 0.048 0.072
1 0.653 0.328 0.026 0.048
1 0.728 0.332 0.024 0.04
1 0.768 0.416 0.044 0.064
1 0.764 0.554667 0.096 0.128
1 0.893 0.472 0.082 0.101333
1 0.789 0.389333 0.034 0.048
1 0.77 0.352 0.032 0.048
1 0.815 0.333333 0.03 0.048
1 0.877 0.372 0.042 0.061333
1 0.955 0.396 0.05 0.072
1 0.917 0.349333 0.026 0.048