1 0.251634 0.365449 0.036415 0.07309
1 0.257236 0.283223 0.019608 0.034884
1 0.284314 0.269103 0.019608 0.033223
1 0.302521 0.256645 0.020542 0.038206
1 0.310458 0.298173 0.027077 0.041528
1 0.310924 0.231728 0.016807 0.028239
1 0.333333 0.225914 0.016807 0.033223
1 0.345472 0.270764 0.020542 0.046512
1 0.361345 0.224252 0.018674 0.039867
1 0.377684 0.211794 0.01774 0.038206
1 0.403828 0.229236 0.019608 0.043189
1 0.428105 0.274917 0.021475 0.04485
1 0.429038 0.242525 0.01774 0.036545
1 0.411765 0.171927 0.013072 0.034884
1 0.462185 0.23588 0.020542 0.046512
1 0.46732 0.196013 0.015873 0.033223
1 0.477124 0.164452 0.011204 0.026578
1 0.469188 0.155316 0.012138 0.024917
1 0.452848 0.138704 0.011204 0.021595
1 0.430906 0.192691 0.01774 0.0299
1 0.507003 0.190199 0.018674 0.031561
1 0.484127 0.13289 0.012138 0.026578
1 0.520075 0.16113 0.016807 0.0299
1 0.52381 0.134551 0.014939 0.0299
1 0.537348 0.160299 0.019608 0.034884
1 0.559757 0.164452 0.019608 0.036545
1 0.537815 0.200997 0.020542 0.0299
1 0.548086 0.13289 0.011204 0.023256
1 0.55929 0.112957 0.016807 0.023256
1 0.586835 0.098007 0.014006 0.026578
1 0.59197 0.119601 0.014939 0.026578
1 0.592437 0.147841 0.015873 0.033223
1 0.608777 0.139535 0.018674 0.033223
1 0.625117 0.118771 0.012138 0.028239
1 0.625584 0.100498 0.013072 0.028239
1 0.649393 0.099668 0.012138 0.0299
1 0.651727 0.118771 0.014939 0.031561
1 0.685341 0.107973 0.016807 0.033223
1 0.679739 0.152824 0.018674 0.046512
1 0.639122 0.197674 0.019608 0.036545
1 0.601307 0.222591 0.022409 0.049834
1 0.563492 0.240864 0.023343 0.046512
1 0.537815 0.321429 0.029879 0.061462
1 0.484127 0.301495 0.028945 0.051495
1 0.582633 0.365449 0.033613 0.063123
1 0.678338 0.33804 0.030812 0.061462
1 0.660131 0.260797 0.022409 0.046512
1 0.656863 0.210963 0.023343 0.046512
1 0.696078 0.221761 0.02521 0.048173
1 0.707283 0.179402 0.021475 0.039867
1 0.709617 0.146179 0.018674 0.033223
1 0.725957 0.171096 0.015873 0.039867
1 0.743231 0.193522 0.022409 0.048173
1 0.748366 0.219269 0.021475 0.039867
1 0.779645 0.291528 0.028011 0.061462
1 0.713819 0.29402 0.02521 0.056478
1 0.732026 0.13289 0.016807 0.036545
1 0.755369 0.108804 0.013072 0.031561
1 0.771709 0.126246 0.014006 0.023256
1 0.77451 0.16196 0.021475 0.034884
1 0.802521 0.183555 0.01774 0.038206
1 0.819328 0.254153 0.02521 0.049834
1 0.845938 0.198505 0.014939 0.038206
1 0.834734 0.167774 0.014939 0.036545
1 0.82493 0.142857 0.015873 0.033223
1 0.796919 0.146179 0.012138 0.026578
1 0.805789 0.13289 0.011204 0.0299
1 0.85901 0.158638 0.014939 0.034884
1 0.866013 0.127076 0.015873 0.028239
1 0.891223 0.130399 0.014006 0.031561
1 0.897292 0.163621 0.016807 0.034884
1 0.881886 0.171096 0.019608 0.033223
1 0.869748 0.203488 0.01774 0.041528
1 0.866947 0.229236 0.01774 0.033223
1 0.929038 0.276578 0.022409 0.04485
1 0.894958 0.211794 0.01774 0.041528
1 0.924837 0.207641 0.01774 0.033223
1 0.922035 0.177741 0.012138 0.026578
1 0.923903 0.153654 0.012138 0.021595