1 0.0475 0.819259 0.058333 0.082963
1 0.117917 0.571852 0.030833 0.047407
1 0.225833 0.644444 0.038333 0.059259
1 0.237917 0.59037 0.034167 0.060741
1 0.3875 0.687407 0.041667 0.068148
1 0.280833 0.491852 0.021667 0.035556
1 0.298333 0.500741 0.02 0.035556
1 0.34 0.522963 0.021667 0.044444
1 0.33125 0.504444 0.015833 0.025185
1 0.35625 0.483704 0.014167 0.028148
1 0.377083 0.474815 0.015833 0.034074
1 0.389167 0.487407 0.02 0.02963
1 0.391667 0.528148 0.025 0.042963
1 0.42625 0.466667 0.019167 0.038519
1 0.3925 0.397778 0.015 0.028148
1 0.444167 0.459259 0.02 0.038519
1 0.463333 0.487407 0.016667 0.032593
1 0.475833 0.515556 0.021667 0.044444
1 0.485833 0.498519 0.021667 0.034074
1 0.475833 0.455556 0.015 0.031111
1 0.490417 0.465926 0.019167 0.025185
1 0.510833 0.447407 0.013333 0.032593
1 0.525833 0.479259 0.016667 0.042963
1 0.50625 0.551852 0.0225 0.037037
1 0.55 0.560741 0.028333 0.054815
1 0.615833 0.56 0.033333 0.059259
1 0.592917 0.532593 0.019167 0.045926
1 0.560417 0.475556 0.020833 0.035556
1 0.535417 0.43037 0.0125 0.028148
1 0.58125 0.443704 0.014167 0.028148
1 0.59 0.423704 0.016667 0.026667
1 0.600417 0.455556 0.019167 0.034074
1 0.607917 0.483704 0.019167 0.034074
1 0.617917 0.465185 0.015833 0.032593
1 0.617917 0.427407 0.015833 0.031111
1 0.641667 0.423704 0.018333 0.02963
1 0.64625 0.468889 0.015833 0.034074
1 0.668333 0.491111 0.026667 0.037037
1 0.640833 0.522963 0.021667 0.056296
1 0.666667 0.54963 0.03 0.044444
1 0.715417 0.488148 0.020833 0.04
1 0.690417 0.447407 0.0175 0.035556
1 0.672083 0.441481 0.014167 0.032593
1 0.7225 0.43037 0.02 0.04
1 0.755 0.426667 0.018333 0.038519
1 0.764583 0.451852 0.015833 0.02963
1 0.791667 0.494815 0.025 0.038519
1 0.825 0.495556 0.023333 0.045926
1 0.7925 0.474815 0.016667 0.037037
1 0.74 0.476296 0.02 0.04
1 0.68125 0.618519 0.039167 0.072593
1 0.651667 0.791852 0.063333 0.108148
1 0.845833 0.841481 0.07 0.136296
1 0.855833 0.667407 0.05 0.09037
1 0.9475 0.574815 0.038333 0.062222
1 0.985417 0.693333 0.029167 0.085926