1 0.0375 0.637218 0.06 0.101504
1 0.035 0.569549 0.04 0.056391
1 0.0275 0.522556 0.035 0.052632
1 0.05 0.524436 0.025 0.048872
1 0.12375 0.731203 0.0775 0.146617
1 0.11125 0.554511 0.0325 0.056391
1 0.09875 0.518797 0.0225 0.037594
1 0.11875 0.515038 0.0275 0.045113
1 0.15125 0.546992 0.0375 0.06391
1 0.17375 0.505639 0.0275 0.048872
1 0.20375 0.490602 0.0225 0.033835
1 0.23125 0.526316 0.0325 0.045113
1 0.28125 0.657895 0.0725 0.120301
1 0.26 0.580827 0.04 0.048872
1 0.27125 0.531955 0.0275 0.041353
1 0.2425 0.484962 0.015 0.030075
1 0.26875 0.492481 0.0225 0.037594
1 0.28125 0.469925 0.0225 0.030075
1 0.29375 0.483083 0.0225 0.033835
1 0.32 0.535714 0.04 0.056391
1 0.32625 0.490602 0.0275 0.041353
1 0.34875 0.511278 0.0275 0.045113
1 0.375 0.520677 0.025 0.041353
1 0.35875 0.484962 0.0225 0.030075
1 0.38875 0.565789 0.0525 0.06391
1 0.42875 0.513158 0.0275 0.041353
1 0.4175 0.490602 0.025 0.033835
1 0.3875 0.479323 0.025 0.041353
1 0.4475 0.483083 0.02 0.033835
1 0.47 0.479323 0.02 0.033835
1 0.495 0.488722 0.02 0.037594
1 0.47375 0.545113 0.0325 0.067669
1 0.5075 0.533835 0.035 0.045113
1 0.5275 0.488722 0.02 0.037594
1 0.55375 0.49812 0.0275 0.048872
1 0.6125 0.492481 0.025 0.045113
1 0.63625 0.471805 0.0275 0.041353
1 0.8575 0.317669 0.065 0.093985