1 0.108 0.42429 0.048 0.072555
1 0.156 0.397476 0.032 0.044164
1 0.234 0.413249 0.036 0.056782
1 0.275 0.405363 0.03 0.047319
1 0.388 0.458991 0.048 0.078864
1 0.408 0.408517 0.028 0.047319
1 0.549 0.435331 0.038 0.063091
1 0.529 0.429022 0.018 0.037855
1 0.518 0.410095 0.02 0.037855
1 0.595 0.413249 0.022 0.037855
1 0.645 0.430599 0.018 0.0347
1 0.677 0.427445 0.018 0.028391
1 0.728 0.458991 0.032 0.047319
1 0.728 0.536278 0.06 0.113565
1 0.881 0.51735 0.058 0.113565
1 0.87 0.440063 0.02 0.0347
1 0.921 0.463722 0.022 0.044164