1 0.18 0.825826 0.136 0.204204
1 0.103 0.56006 0.07 0.105105
1 0.185 0.364865 0.042 0.063063
1 0.233 0.375375 0.038 0.054054
1 0.249 0.331832 0.034 0.039039
1 0.304 0.345345 0.028 0.048048
1 0.352 0.342342 0.028 0.054054
1 0.374 0.396396 0.032 0.066066
1 0.413 0.468468 0.07 0.114114
1 0.43 0.397898 0.06 0.075075
1 0.416 0.340841 0.036 0.057057
1 0.444 0.264264 0.024 0.042042
1 0.493 0.342342 0.034 0.072072
1 0.565 0.328829 0.046 0.063063
1 0.578 0.381381 0.052 0.09009
1 0.628 0.34985 0.048 0.087087
1 0.63 0.298799 0.036 0.057057
1 0.728 0.316817 0.036 0.057057
1 0.575 0.584084 0.106 0.159159
1 0.748 0.412913 0.052 0.111111
1 0.78 0.363363 0.056 0.084084
1 0.892 0.454955 0.088 0.141141
1 0.952 0.375375 0.064 0.108108
1 0.802 0.582583 0.124 0.18018