1 0.0425 0.495 0.08 0.13
1 0.04375 0.441667 0.0525 0.056667
1 0.245 0.376667 0.05 0.06
1 0.2925 0.303333 0.03 0.046667
1 0.295 0.418333 0.035 0.05
1 0.3175 0.405 0.03 0.043333
1 0.355 0.436667 0.055 0.053333
1 0.37 0.411667 0.03 0.043333
1 0.4625 0.413333 0.04 0.06
1 0.545 0.415 0.105 0.13
1 0.775 0.505 0.075 0.076667
1 0.64625 0.505 0.0625 0.09
1 0.73375 0.426667 0.0375 0.046667
1 0.77125 0.44 0.0325 0.046667
1 0.81625 0.44 0.0375 0.053333
1 0.84 0.455 0.045 0.063333
1 0.87625 0.5 0.0525 0.066667
1 0.97625 0.488333 0.0375 0.063333
1 0.97625 0.438333 0.0375 0.056667