1 0.9332 0.150485 0.0152 0.0319
1 0.906 0.124133 0.012 0.029126
1 0.896 0.146325 0.0144 0.0319
1 0.8916 0.174064 0.0184 0.034674
1 0.922 0.201803 0.0136 0.034674
1 0.9404 0.255201 0.0184 0.047157
1 0.9072 0.216366 0.0144 0.036061
1 0.9132 0.329404 0.02 0.059639
1 0.8844 0.470874 0.0264 0.065187
1 0.8816 0.244105 0.0192 0.052705
1 0.8384 0.31484 0.024 0.0638
1 0.8172 0.378641 0.028 0.074896
1 0.8284 0.234397 0.0168 0.044383
1 0.8644 0.210125 0.0184 0.040222
1 0.8656 0.136616 0.0112 0.023578
1 0.87 0.124827 0.0104 0.027739
1 0.8484 0.184466 0.0136 0.033287
1 0.8524 0.158114 0.012 0.027739
1 0.8404 0.119279 0.0104 0.024965
1 0.8316 0.136616 0.012 0.029126
1 0.824 0.151179 0.0176 0.033287
1 0.8056 0.177531 0.0144 0.036061
1 0.7688 0.288488 0.024 0.052705
1 0.748 0.248266 0.0208 0.044383
1 0.776 0.199029 0.0192 0.037448
1 0.8092 0.117892 0.012 0.027739
1 0.78 0.101942 0.0144 0.0319
1 0.78 0.143551 0.0144 0.029126
1 0.7644 0.132455 0.0152 0.026352
1 0.7568 0.168516 0.0144 0.034674
1 0.7388 0.137309 0.0152 0.027739
1 0.732 0.124827 0.0128 0.027739
1 0.7164 0.135229 0.0136 0.029126
1 0.7272 0.179612 0.0192 0.040222
1 0.7132 0.162275 0.0152 0.033287
1 0.6868 0.106103 0.0104 0.023578
1 0.7092 0.213592 0.0184 0.049931
1 0.6812 0.20527 0.0168 0.041609
1 0.688 0.184466 0.016 0.038835
1 0.644 0.090153 0.0096 0.022191
1 0.2828 0.274619 0.02 0.041609
1 0.3136 0.220527 0.0144 0.033287
1 0.3372 0.252427 0.0184 0.044383
1 0.3456 0.208738 0.0144 0.0319
1 0.3596 0.218447 0.0152 0.040222
1 0.3712 0.223301 0.016 0.036061
1 0.3628 0.266297 0.0184 0.038835
1 0.3864 0.277393 0.0208 0.044383
1 0.396 0.21706 0.0176 0.034674
1 0.42 0.180999 0.016 0.0319
1 0.43 0.214979 0.0152 0.038835
1 0.4464 0.160888 0.0112 0.024965
1 0.4548 0.187933 0.0152 0.034674
1 0.4656 0.13939 0.0112 0.029126
1 0.4864 0.216366 0.016 0.038835
1 0.4876 0.195562 0.0152 0.033287
1 0.484 0.131761 0.0096 0.024965
1 0.4888 0.149098 0.0112 0.0319
1 0.5076 0.126214 0.0104 0.024965
1 0.5056 0.156033 0.0096 0.0319
1 0.5176 0.151179 0.0112 0.030513
1 0.5272 0.132455 0.0128 0.0319
1 0.612 0.098474 0.0128 0.027739
1 0.6612 0.117198 0.0152 0.023578
1 0.6544 0.140083 0.0144 0.033287
1 0.6052 0.248266 0.02 0.049931
1 0.6084 0.20111 0.02 0.047157
1 0.6748 0.261442 0.0232 0.051318
1 0.6164 0.325243 0.0296 0.059639
1 0.5388 0.28294 0.0232 0.052705
1 0.5648 0.238558 0.024 0.052705
1 0.542 0.162968 0.0152 0.034674
1 0.556 0.138003 0.0128 0.0319
1 0.57 0.167822 0.0168 0.033287
1 0.564 0.103329 0.0128 0.018031
1 0.5652 0.12344 0.012 0.024965
1 0.5848 0.108877 0.0128 0.023578
1 0.594 0.137309 0.0152 0.030513
1 0.6176 0.120666 0.0144 0.033287
1 0.6324 0.135922 0.012 0.027739
1 0.0476 0.411928 0.0296 0.055479