1 0.1025 0.805 0.0825 0.113333
1 0.12625 0.735 0.065 0.08
1 0.155625 0.665833 0.05375 0.085
1 0.2725 0.615833 0.0375 0.048333
1 0.314375 0.684167 0.05875 0.068333
1 0.27375 0.748333 0.08 0.116667
1 0.363125 0.769167 0.07625 0.115
1 0.40125 0.798333 0.105 0.136667
1 0.375 0.625833 0.04 0.048333
1 0.45 0.679167 0.055 0.075
1 0.46125 0.750833 0.0525 0.088333
1 0.5275 0.739167 0.0725 0.105
1 0.51375 0.674167 0.045 0.065
1 0.563125 0.685 0.05125 0.066667
1 0.603125 0.856667 0.10875 0.173333
1 0.664375 0.709167 0.06625 0.105
1 0.763125 0.913333 0.13625 0.173333
1 0.7475 0.64 0.0475 0.08
1 0.795 0.671667 0.045 0.063333
1 0.865 0.679167 0.05 0.068333
1 0.910625 0.675833 0.03875 0.071667
1 0.933125 0.638333 0.04125 0.063333
1 0.956875 0.705833 0.06375 0.095
1 0.875 0.505833 0.03 0.041667