1 0.083333 0.833333 0.127778 0.245833
1 0.025 0.467708 0.047222 0.11875
1 0.063889 0.483333 0.055556 0.104167
1 0.150694 0.613542 0.101389 0.177083
1 0.164583 0.466667 0.056944 0.0875
1 0.193056 0.444792 0.047222 0.085417
1 0.228472 0.541667 0.059722 0.116667
1 0.172222 0.547917 0.072222 0.129167
1 0.307639 0.464583 0.054167 0.1
1 0.425694 0.536458 0.070833 0.127083
1 0.454861 0.48125 0.056944 0.108333
1 0.411806 0.477083 0.045833 0.070833
1 0.40625 0.43125 0.043056 0.066667
1 0.470139 0.871875 0.215278 0.25625
1 0.506944 0.759375 0.116667 0.147917
1 0.592361 0.501042 0.0625 0.097917
1 0.586806 0.458333 0.051389 0.083333
1 0.577083 0.429167 0.043056 0.066667
1 0.738194 0.454167 0.045833 0.079167
1 0.738889 0.517708 0.052778 0.085417
1 0.773611 0.539583 0.063889 0.1
1 0.681944 0.646875 0.077778 0.15625
1 0.883333 0.88125 0.15 0.233333
1 0.961111 0.707292 0.077778 0.160417
1 0.875694 0.5125 0.054167 0.1
1 0.933333 0.522917 0.052778 0.1