1 0.036875 0.532222 0.0675 0.155556
1 0.1875 0.563333 0.07 0.144444
1 0.185625 0.497778 0.0475 0.086667
1 0.136875 0.527778 0.04375 0.08
1 0.242188 0.544444 0.038125 0.091111
1 0.29625 0.493889 0.0375 0.063333
1 0.34375 0.620556 0.0625 0.145556
1 0.339375 0.491111 0.03125 0.08
1 0.427187 0.483889 0.039375 0.07
1 0.454688 0.563333 0.060625 0.12
1 0.496875 0.516667 0.04 0.077778
1 0.529687 0.486667 0.035625 0.082222
1 0.655312 0.354444 0.030625 0.057778
1 0.767813 0.64 0.066875 0.128889
1 0.73625 0.592778 0.055 0.105556
1 0.702812 0.548333 0.045625 0.081111
1 0.700313 0.503889 0.034375 0.061111
1 0.755625 0.508333 0.0375 0.081111
1 0.82875 0.537778 0.0425 0.093333
1 0.867188 0.507222 0.030625 0.065556
1 0.97875 0.690556 0.0425 0.185556
1 0.970313 0.617778 0.059375 0.137778
1 0.939375 0.561111 0.0475 0.106667
1 0.918125 0.522222 0.03625 0.066667
1 0.95875 0.500556 0.04125 0.074444