1 0.055469 0.83216 0.098437 0.157277
1 0.117969 0.741784 0.082812 0.122066
1 0.058594 0.615023 0.051562 0.089202
1 0.115625 0.455399 0.05625 0.093897
1 0.195312 0.517606 0.0375 0.06338
1 0.260156 0.471831 0.039062 0.061033
1 0.296094 0.507042 0.035937 0.061033
1 0.357812 0.474178 0.034375 0.051643
1 0.453125 0.454225 0.028125 0.049296
1 0.46875 0.419014 0.028125 0.058685
1 0.436719 0.397887 0.023438 0.044601
1 0.380469 0.403756 0.023438 0.042254
1 0.31875 0.431925 0.03125 0.046948
1 0.285938 0.434272 0.028125 0.032864
1 0.265625 0.423709 0.021875 0.035211
1 0.260937 0.394366 0.025 0.042254
1 0.515625 0.311033 0.040625 0.077465
1 0.314063 0.651408 0.053125 0.105634
1 0.239063 0.778169 0.08125 0.115023
1 0.375 0.693662 0.071875 0.119718
1 0.44375 0.63615 0.05625 0.098592
1 0.596875 0.521127 0.040625 0.075117
1 0.594531 0.646714 0.067187 0.129108
1 0.611719 0.884977 0.101562 0.183099
1 0.744531 0.721831 0.073438 0.157277
1 0.70625 0.693662 0.0625 0.119718
1 0.709375 0.525822 0.046875 0.065728
1 0.639062 0.46831 0.034375 0.058685
1 0.678125 0.433099 0.03125 0.049296
1 0.705469 0.381455 0.029687 0.053991
1 0.735938 0.381455 0.028125 0.044601
1 0.675781 0.293427 0.035937 0.061033
1 0.567187 0.38615 0.025 0.039906
1 0.773438 0.36385 0.021875 0.032864
1 0.747656 0.451878 0.039062 0.058685
1 0.909375 0.35446 0.075 0.140845
1 0.928125 0.7277 0.08125 0.150235
1 0.984375 0.688967 0.03125 0.110329
1 0.898438 0.910798 0.125 0.178404