1 0.78 0.371667 0.0975 0.136667
1 0.849375 0.51 0.02125 0.046667
1 0.864375 0.494167 0.02625 0.051667
1 0.624375 0.455833 0.02875 0.045
1 0.566875 0.461667 0.03375 0.05
1 0.54875 0.45 0.0275 0.043333
1 0.4875 0.448333 0.0275 0.04
1 0.465 0.456667 0.025 0.043333
1 0.458125 0.43 0.02375 0.036667
1 0.43 0.456667 0.0325 0.056667
1 0.36625 0.469167 0.0375 0.058333
1 0.35625 0.520833 0.045 0.075
1 0.265 0.540833 0.0475 0.081667
1 0.30375 0.4625 0.0375 0.065
1 0.216875 0.449167 0.04125 0.061667
1 0.22625 0.41 0.0325 0.04
1 0.25625 0.4025 0.025 0.038333
1 0.28625 0.408333 0.0225 0.036667
1 0.3225 0.4275 0.0225 0.038333
1 0.34 0.418333 0.02 0.043333
1 0.185625 0.43 0.02875 0.046667
1 0.155 0.445833 0.0375 0.058333
1 0.11375 0.459167 0.0525 0.081667
1 0.140625 0.419167 0.02875 0.048333
1 0.036875 0.443333 0.03875 0.06
1 0.07375 0.388333 0.03 0.043333
1 0.018125 0.384167 0.02625 0.045