1 0.085 0.281899 0.046667 0.083086
1 0.130833 0.238872 0.035 0.080119
1 0.1575 0.231454 0.031667 0.077151
1 0.173333 0.295252 0.033333 0.086053
1 0.221667 0.255193 0.036667 0.071217
1 0.233333 0.212166 0.03 0.062315
1 0.284167 0.252226 0.038333 0.065282
1 0.2775 0.388724 0.048333 0.094955
1 0.378333 0.459941 0.046667 0.11276
1 0.365 0.390208 0.043333 0.086053
1 0.440833 0.274481 0.035 0.074184
1 0.471667 0.252226 0.026667 0.053412
1 0.505833 0.304154 0.025 0.050445
1 0.553333 0.307122 0.026667 0.062315
1 0.461667 0.437685 0.05 0.115727
1 0.5125 0.489614 0.075 0.148368
1 0.540833 0.393175 0.035 0.086053
1 0.601667 0.362018 0.033333 0.065282
1 0.628333 0.402077 0.046667 0.086053
1 0.64 0.548961 0.066667 0.136499
1 0.773333 0.664688 0.106667 0.207715
1 0.955 0.623145 0.09 0.195846
1 0.775 0.458457 0.05 0.097923
1 0.7125 0.409496 0.038333 0.071217
1 0.695 0.354599 0.036667 0.068249
1 0.749167 0.347181 0.031667 0.065282
1 0.783333 0.339763 0.026667 0.05638
1 0.8425 0.397626 0.038333 0.077151
1 0.885 0.428783 0.043333 0.097923
1 0.848333 0.339763 0.026667 0.062315
1 0.926667 0.364985 0.033333 0.065282
1 0.925 0.330861 0.03 0.04451
1 0.980833 0.348665 0.025 0.062315
1 0.99 0.430267 0.02 0.083086