1 0.646094 0.108333 0.082812 0.155556
1 0.589453 0.086111 0.036719 0.083333
1 0.560547 0.273611 0.039844 0.083333
1 0.529297 0.099306 0.033594 0.079167
1 0.439844 0.084722 0.039062 0.069444
1 0.410938 0.261806 0.034375 0.073611
1 0.389062 0.20625 0.026562 0.065278
1 0.361328 0.21875 0.025781 0.059722
1 0.330469 0.2875 0.046875 0.1
1 0.299609 0.254167 0.025781 0.072222
1 0.250391 0.430556 0.117969 0.205556
1 0.206641 0.263194 0.041406 0.090278
1 0.159375 0.15625 0.028125 0.059722
1 0.141016 0.275694 0.030469 0.065278
1 0.126562 0.313889 0.0375 0.080556
1 0.11875 0.366667 0.054688 0.119444
1 0.023047 0.425694 0.042969 0.1625
1 0.067578 0.177778 0.047656 0.080556
1 0.019531 0.184722 0.035937 0.069444