1 0.204314 0.42011 0.035294 0.085399
1 0.26549 0.263085 0.013333 0.030303
1 0.281961 0.262397 0.013333 0.03168
1 0.308235 0.227273 0.012549 0.030303
1 0.319216 0.278926 0.015686 0.039945
1 0.331373 0.226584 0.014902 0.034435
1 0.363529 0.249311 0.016471 0.038567
1 0.375294 0.260331 0.018039 0.041322
1 0.392941 0.278237 0.020392 0.049587
1 0.396078 0.194215 0.012549 0.024793
1 0.404314 0.176309 0.013333 0.030303
1 0.422745 0.181129 0.012549 0.028926
1 0.418431 0.22865 0.018039 0.035813
1 0.448627 0.219008 0.015686 0.033058
1 0.476863 0.223829 0.017255 0.0427
1 0.447451 0.155647 0.011765 0.027548
1 0.454902 0.169421 0.01098 0.024793
1 0.510196 0.182507 0.013333 0.034435
1 0.503137 0.130854 0.008627 0.019284
1 0.520392 0.13292 0.010196 0.026171
1 0.540392 0.194215 0.015686 0.033058
1 0.536863 0.176309 0.014902 0.035813
1 0.548235 0.148072 0.01098 0.028926
1 0.558824 0.167355 0.016471 0.039945
1 0.591373 0.103994 0.01098 0.023416
1 0.572549 0.141873 0.012549 0.024793
1 0.567451 0.236226 0.018039 0.0427
1 0.575686 0.162534 0.014118 0.027548
1 0.519608 0.284435 0.018039 0.048209
1 0.54902 0.303719 0.026667 0.053719
1 0.597647 0.260331 0.020392 0.055096
1 0.605098 0.145317 0.011765 0.028926
1 0.611373 0.208678 0.016471 0.0427
1 0.631765 0.121212 0.013333 0.024793
1 0.616471 0.125344 0.01098 0.022039
1 0.638431 0.174242 0.015686 0.039945
1 0.669804 0.109504 0.01098 0.026171
1 0.654118 0.224518 0.018824 0.044077
1 0.652549 0.263774 0.021961 0.048209
1 0.686275 0.311295 0.026667 0.057851
1 0.701176 0.279614 0.021961 0.055096
1 0.674902 0.169421 0.014902 0.035813
1 0.699216 0.227273 0.022745 0.041322
1 0.690588 0.19146 0.016471 0.033058
1 0.739608 0.221074 0.017255 0.034435
1 0.777255 0.270661 0.023529 0.061983
1 0.727451 0.161846 0.013333 0.03168
1 0.748627 0.176997 0.014902 0.034435
1 0.736471 0.190083 0.015686 0.030303
1 0.756863 0.140496 0.014118 0.027548
1 0.776471 0.14876 0.012549 0.030303
1 0.79098 0.136364 0.011765 0.030303
1 0.825098 0.142562 0.01098 0.028926
1 0.794902 0.181129 0.014902 0.034435
1 0.776863 0.193526 0.016471 0.03719
1 0.810588 0.230028 0.016471 0.046832
1 0.831373 0.2073 0.015686 0.0427
1 0.861176 0.148072 0.009412 0.028926
1 0.878039 0.201791 0.013333 0.03168
1 0.868627 0.216253 0.016471 0.041322
1 0.855294 0.243802 0.019608 0.044077
1 0.86549 0.30303 0.021176 0.055096
1 0.896863 0.25551 0.018039 0.0427
1 0.751765 0.325758 0.025882 0.064738