1 0.826875 0.654315 0.07875 0.115385
1 0.76 0.618199 0.05125 0.076923
1 0.627812 0.611163 0.055625 0.087242
1 0.529062 0.669325 0.073125 0.113508
1 0.46625 0.605066 0.0525 0.084428
1 0.414687 0.905253 0.219375 0.181989
1 0.26875 0.68152 0.065 0.113508
1 0.275625 0.637899 0.0575 0.075047
1 0.279062 0.547842 0.036875 0.050657
1 0.324062 0.534709 0.028125 0.035647
1 0.171875 0.605066 0.0475 0.067542
1 0.15 0.581614 0.03875 0.054409
1 0.149688 0.551126 0.033125 0.04409
1 0.169063 0.5197 0.024375 0.045028
1 0.107813 0.546904 0.033125 0.04878
1 0.05875 0.593809 0.06375 0.090056
1 0.120625 0.679644 0.0825 0.121013
1 0.04125 0.495779 0.02625 0.047842
1 0.07375 0.47561 0.02375 0.035647
1 0.098437 0.492495 0.025625 0.037523
1 0.067812 0.453096 0.016875 0.028143
1 0.135313 0.462946 0.018125 0.030957
1 0.154375 0.491088 0.0225 0.036585
1 0.14625 0.448874 0.01375 0.025328
1 0.185312 0.466698 0.018125 0.029081
1 0.18875 0.45122 0.0175 0.028143
1 0.215 0.485929 0.02125 0.031895
1 0.243125 0.511726 0.02375 0.038462
1 0.240937 0.466698 0.014375 0.029081
1 0.268437 0.482645 0.018125 0.030957
1 0.273125 0.453565 0.01625 0.030957
1 0.302187 0.458255 0.015625 0.023452
1 0.336562 0.454034 0.014375 0.02439
1 0.305312 0.495779 0.020625 0.036585
1 0.325625 0.454972 0.01125 0.022514
1 0.365 0.459193 0.0175 0.025328
1 0.396875 0.475141 0.01625 0.023452
1 0.405625 0.458724 0.01375 0.028143
1 0.417187 0.444653 0.014375 0.030019
1 0.435937 0.467636 0.016875 0.032833
1 0.442188 0.49015 0.018125 0.027205
1 0.450937 0.466229 0.014375 0.022514
1 0.482187 0.479362 0.020625 0.028143
1 0.485312 0.454972 0.014375 0.022514
1 0.500313 0.448874 0.010625 0.025328
1 0.499063 0.482645 0.018125 0.032833
1 0.509687 0.522045 0.019375 0.036585
1 0.53125 0.481238 0.015 0.030019
1 0.534062 0.45591 0.016875 0.030019
1 0.555937 0.499062 0.020625 0.037523
1 0.56125 0.529081 0.01875 0.028143
1 0.581562 0.502814 0.014375 0.028143
1 0.575625 0.474672 0.01625 0.030019
1 0.574375 0.454503 0.01375 0.027205
1 0.622812 0.474672 0.016875 0.031895
1 0.635312 0.522514 0.020625 0.031895
1 0.652188 0.486867 0.014375 0.026266
1 0.667188 0.498593 0.018125 0.032833
1 0.687187 0.494841 0.015625 0.025328
1 0.705625 0.487336 0.02375 0.04409
1 0.7075 0.462946 0.0125 0.029081
1 0.734375 0.50469 0.01375 0.020638
1 0.75875 0.507974 0.01875 0.034709
1 0.729375 0.488743 0.01375 0.022514