1 0.178815 0.456 0.059226 0.112
1 0.220957 0.371 0.050114 0.102
1 0.264237 0.211 0.020501 0.046
1 0.330296 0.281 0.025057 0.05
1 0.344533 0.263 0.019362 0.042
1 0.42426 0.277 0.023918 0.042
1 0.41287 0.223 0.02164 0.042
1 0.406606 0.193 0.018223 0.03
1 0.437927 0.228 0.026196 0.044
1 0.449886 0.186 0.015945 0.044
1 0.451025 0.158 0.018223 0.032
1 0.465831 0.158 0.015945 0.036
1 0.468679 0.199 0.02164 0.038
1 0.480068 0.136 0.012528 0.028
1 0.503986 0.18 0.02164 0.044
1 0.534169 0.209 0.027335 0.054
1 0.525057 0.141 0.018223 0.034
1 0.553531 0.151 0.018223 0.034
1 0.558087 0.117 0.015945 0.034
1 0.588838 0.127 0.020501 0.042
1 0.656036 0.084 0.015945 0.036
1 0.696469 0.072 0.019362 0.032
1 0.689066 0.102 0.013667 0.032
1 0.679954 0.161 0.022779 0.05
1 0.615604 0.236 0.028474 0.048
1 0.651481 0.251 0.025057 0.05
1 0.47836 0.328 0.038724 0.08
1 0.710706 0.282 0.027335 0.056
1 0.768223 0.269 0.028474 0.058
1 0.721526 0.165 0.019362 0.042
1 0.707289 0.148 0.020501 0.036
1 0.737472 0.151 0.017084 0.042
1 0.746583 0.112 0.014806 0.036
1 0.748861 0.175 0.019362 0.038
1 0.790433 0.19 0.018223 0.04
1 0.8041 0.134 0.015945 0.028
1 0.850797 0.184 0.018223 0.036
1 0.863326 0.226 0.018223 0.048