1 0.095018 0.719444 0.062116 0.088889
1 0.245387 0.693519 0.051661 0.068519
1 0.47909 0.656944 0.04674 0.069444
1 0.513223 0.648611 0.039975 0.069444
1 0.683887 0.631481 0.03444 0.042593
1 0.74385 0.622685 0.030135 0.05463
1 0.829951 0.625 0.025215 0.042593
1 0.878536 0.613889 0.025215 0.040741
1 0.983702 0.564815 0.022755 0.033333
1 0.954182 0.561111 0.020295 0.02963
1 0.915437 0.540741 0.016605 0.031481
1 0.854859 0.533333 0.02091 0.033333
1 0.812116 0.496296 0.021525 0.040741
1 0.752768 0.576389 0.02337 0.032407
1 0.714945 0.582407 0.017835 0.035185
1 0.74754 0.517593 0.014145 0.025926
1 0.74508 0.484722 0.014145 0.023148
1 0.7254 0.505556 0.015375 0.027778
1 0.717097 0.483333 0.0123 0.018519
1 0.695572 0.506481 0.01476 0.022222
1 0.678659 0.4875 0.011685 0.019444
1 0.650677 0.487963 0.01476 0.024074
1 0.618389 0.513889 0.016605 0.033333
1 0.565806 0.461574 0.01107 0.021296
1 0.550738 0.477778 0.015375 0.02037
1 0.425584 0.409259 0.0123 0.024074
1 0.024293 0.5375 0.033825 0.056481
1 0.040283 0.501852 0.032595 0.046296
1 0.015068 0.46713 0.017835 0.034259
1 0.079336 0.480556 0.02214 0.037037
1 0.108241 0.460648 0.02214 0.030556
1 0.130381 0.480556 0.02214 0.038889
1 0.138991 0.539815 0.02706 0.051852
1 0.159902 0.506019 0.02091 0.04537
1 0.215867 0.509259 0.02337 0.040741
1 0.242005 0.589815 0.038745 0.051852
1 0.260148 0.515741 0.02706 0.038889
1 0.387454 0.56713 0.03567 0.052778
1 0.48401 0.547685 0.01722 0.039815
1 0.485547 0.521759 0.022755 0.030556
1 0.462177 0.512963 0.017835 0.035185
1 0.45203 0.491667 0.02091 0.022222
1 0.430812 0.476389 0.021525 0.026852
1 0.378229 0.468056 0.01353 0.021296
1 0.344096 0.475 0.020295 0.025926
1 0.315191 0.456481 0.015375 0.022222
1 0.27583 0.455556 0.012915 0.022222
1 0.26107 0.454167 0.009225 0.019444
1 0.488007 0.478704 0.012915 0.024074
1 0.49139 0.464352 0.01599 0.021296
1 0.507073 0.474537 0.009225 0.023148
1 0.51353 0.485185 0.01476 0.022222
1 0.524908 0.523148 0.015375 0.024074
1 0.549508 0.497685 0.016605 0.026852
1 0.565191 0.542593 0.02091 0.038889
1 0.607319 0.539815 0.017835 0.035185
1 0.583641 0.584722 0.02952 0.043519
1 0.662977 0.565278 0.0246 0.04537
1 0.683579 0.580556 0.020295 0.035185