1 0.041 0.492492 0.078 0.126126
1 0.028 0.399399 0.052 0.12012
1 0.172 0.373874 0.08 0.123123
1 0.247 0.301802 0.058 0.087087
1 0.304 0.37988 0.076 0.099099
1 0.315 0.56006 0.154 0.243243
1 0.415 0.351351 0.054 0.09009
1 0.351 0.309309 0.05 0.09009
1 0.442 0.258258 0.044 0.084084
1 0.482 0.297297 0.04 0.078078
1 0.521 0.345345 0.05 0.096096
1 0.601 0.324324 0.046 0.084084
1 0.592 0.297297 0.048 0.078078
1 0.707 0.307808 0.05 0.087087
1 0.73 0.252252 0.032 0.06006
1 0.628 0.5 0.104 0.177177
1 0.678 0.430931 0.08 0.105105
1 0.885 0.376877 0.082 0.129129
1 0.861 0.276276 0.05 0.072072
1 0.899 0.064565 0.062 0.117117
1 0.982 0.246246 0.036 0.078078