1 0.191875 0.704167 0.12625 0.205
1 0.30875 0.881667 0.2075 0.223333
1 0.12625 0.569167 0.0975 0.121667
1 0.060625 0.4575 0.05375 0.088333
1 0.07625 0.4225 0.0475 0.078333
1 0.2175 0.438333 0.0575 0.08
1 0.264375 0.455833 0.04125 0.065
1 0.265625 0.535833 0.08625 0.091667
1 0.345 0.473333 0.0525 0.08
1 0.37 0.5575 0.095 0.128333
1 0.439375 0.489167 0.06125 0.091667
1 0.481875 0.485833 0.05625 0.088333
1 0.5325 0.6325 0.12 0.178333
1 0.51875 0.4775 0.04 0.075
1 0.46875 0.453333 0.05 0.06
1 0.575625 0.465 0.06625 0.096667
1 0.6275 0.459167 0.055 0.085
1 0.61625 0.408333 0.05 0.053333
1 0.681875 0.4425 0.04375 0.071667
1 0.70625 0.540833 0.0775 0.111667
1 0.7525 0.509167 0.0575 0.091667
1 0.7925 0.455833 0.0625 0.085
1 0.456875 0.244167 0.02875 0.045
1 0.665 0.714167 0.1475 0.231667
1 0.80125 0.646667 0.11 0.196667
1 0.934375 0.68 0.12625 0.18
1 0.82625 0.549167 0.075 0.091667
1 0.885 0.500833 0.065 0.098333