1 0.03702 0.400668 0.027179 0.063439
1 0.256326 0.271285 0.014058 0.028381
1 0.280694 0.263773 0.015933 0.033389
1 0.309747 0.232888 0.015933 0.028381
1 0.320993 0.242905 0.017807 0.035058
1 0.347235 0.22621 0.015933 0.03172
1 0.349578 0.263773 0.018744 0.036728
1 0.37582 0.217028 0.014995 0.03005
1 0.384255 0.202003 0.013121 0.023372
1 0.411903 0.278798 0.019681 0.036728
1 0.413777 0.227045 0.017807 0.033389
1 0.437676 0.198664 0.014995 0.03005
1 0.449391 0.212855 0.015933 0.03172
1 0.463918 0.22621 0.020619 0.038397
1 0.469072 0.194491 0.015933 0.028381
1 0.430178 0.176127 0.014995 0.025042
1 0.453608 0.151085 0.014995 0.021703
1 0.456888 0.166945 0.014058 0.026711
1 0.476101 0.152755 0.013121 0.021703
1 0.481724 0.16611 0.013121 0.025042
1 0.48641 0.134391 0.009372 0.015025
1 0.510309 0.16611 0.014058 0.028381
1 0.500937 0.195326 0.014058 0.03005
1 0.533271 0.207012 0.018744 0.033389
1 0.543112 0.162771 0.015933 0.028381
1 0.528585 0.138564 0.013121 0.026711
1 0.535145 0.131052 0.013121 0.025042
1 0.560918 0.110184 0.010309 0.020033
1 0.575914 0.154424 0.015933 0.028381
1 0.585286 0.129382 0.014058 0.021703
1 0.589035 0.10601 0.012184 0.021703
1 0.612465 0.114357 0.012184 0.021703
1 0.613871 0.135225 0.013121 0.020033
1 0.605436 0.154424 0.01687 0.03172
1 0.622774 0.103506 0.012184 0.020033
1 0.637769 0.10601 0.012184 0.021703
1 0.654171 0.113523 0.011246 0.026711
1 0.669166 0.118531 0.011246 0.023372
1 0.702437 0.096828 0.012184 0.03005
1 0.487348 0.303005 0.024367 0.048414
1 0.544986 0.307179 0.021556 0.050083
1 0.604967 0.33222 0.027179 0.046745
1 0.606842 0.247078 0.02343 0.043406
1 0.569822 0.239566 0.018744 0.041736
1 0.602156 0.203673 0.017807 0.040067
1 0.653702 0.179466 0.015933 0.03172
1 0.661668 0.201169 0.018744 0.035058
1 0.659794 0.253756 0.020619 0.046745
1 0.678069 0.327212 0.025305 0.0601
1 0.708997 0.283806 0.025305 0.050083
1 0.710403 0.216194 0.020619 0.048414
1 0.751172 0.218698 0.019681 0.046745
1 0.781631 0.290484 0.022493 0.053422
1 0.680881 0.15025 0.017807 0.033389
1 0.705717 0.136895 0.01687 0.03005
1 0.701968 0.175292 0.018744 0.03005
1 0.733365 0.159432 0.014058 0.025042
1 0.749297 0.179466 0.017807 0.03172
1 0.750234 0.141903 0.015933 0.03005
1 0.731959 0.1202 0.014995 0.03005
1 0.746485 0.109349 0.012184 0.025042
1 0.76851 0.124374 0.013121 0.021703
1 0.781631 0.111853 0.011246 0.023372
1 0.798032 0.128548 0.010309 0.026711
1 0.770384 0.16611 0.014995 0.035058
1 0.801312 0.176962 0.014995 0.03005
1 0.813964 0.166945 0.010309 0.026711
1 0.821931 0.122705 0.011246 0.025042
1 0.833177 0.136895 0.013121 0.03005
1 0.852858 0.149416 0.013121 0.035058
1 0.861762 0.141068 0.012184 0.028381
1 0.871603 0.132721 0.011246 0.025042
1 0.845829 0.182805 0.014058 0.038397
1 0.861293 0.213689 0.014995 0.03005
1 0.885661 0.199499 0.011246 0.028381
1 0.89597 0.173623 0.013121 0.03005
1 0.900656 0.126878 0.009372 0.023372
1 0.932052 0.156093 0.014058 0.028381
1 0.928772 0.190317 0.013121 0.040067
1 0.920337 0.275459 0.01687 0.050083