1 0.088333 0.477778 0.07 0.128889
1 0.271667 0.524444 0.11 0.195556
1 0.34 0.262222 0.08 0.142222
1 0.231667 0.382222 0.05 0.062222
1 0.17 0.368889 0.04 0.062222
1 0.126667 0.368889 0.04 0.053333
1 0.086667 0.348889 0.033333 0.066667
1 0.021667 0.344444 0.023333 0.048889
1 0.485 0.471111 0.056667 0.106667
1 0.54 0.417778 0.046667 0.08
1 0.511667 0.388889 0.03 0.057778
1 0.425 0.386667 0.036667 0.071111
1 0.725 0.522222 0.09 0.128889
1 0.738333 0.422222 0.056667 0.106667
1 0.855 0.528889 0.07 0.115556
1 0.851667 0.455556 0.05 0.066667
1 0.915 0.488889 0.063333 0.088889
1 0.941667 0.431111 0.036667 0.062222
1 0.893333 0.433333 0.04 0.066667
1 0.818333 0.411111 0.036667 0.057778
1 0.685 0.428889 0.036667 0.057778
1 0.608333 0.435556 0.05 0.071111
1 0.573333 0.395556 0.033333 0.062222
1 0.596667 0.368889 0.04 0.053333
1 0.631667 0.393333 0.036667 0.057778
1 0.635 0.357778 0.043333 0.057778
1 0.683333 0.373333 0.04 0.053333
1 0.555 0.353333 0.023333 0.048889
1 0.463333 0.355556 0.026667 0.035556
1 0.403333 0.333333 0.02 0.035556