1 0.0175 0.456667 0.03 0.066667
1 0.02625 0.403333 0.0225 0.046667
1 0.07625 0.41 0.0275 0.046667
1 0.16375 0.416667 0.0275 0.046667
1 0.17375 0.396667 0.0225 0.033333
1 0.20875 0.406667 0.0275 0.046667
1 0.2 0.491667 0.055 0.076667
1 0.2775 0.386667 0.025 0.04
1 0.31125 0.396667 0.0225 0.033333
1 0.3525 0.391667 0.02 0.036667
1 0.33625 0.515 0.0575 0.07
1 0.41125 0.435 0.0375 0.056667
1 0.41625 0.388333 0.0225 0.043333
1 0.46375 0.42 0.0275 0.053333
1 0.505 0.443333 0.035 0.053333
1 0.525 0.413333 0.025 0.046667
1 0.59 0.385 0.02 0.036667
1 0.59 0.436667 0.035 0.053333
1 0.64375 0.408333 0.0275 0.05
1 0.6725 0.393333 0.025 0.04
1 0.73375 0.46 0.0375 0.073333
1 0.74375 0.578333 0.0725 0.103333
1 0.75 0.401667 0.03 0.043333
1 0.815 0.295 0.045 0.07
1 0.88625 0.29 0.0725 0.086667