1 0.461806 0.235031 0.102315 0.153395
1 0.558218 0.812037 0.211343 0.351235
1 0.302662 0.62392 0.15162 0.24784
1 0.222801 0.455556 0.087269 0.134568
1 0.170949 0.436728 0.058102 0.092593
1 0.14213 0.400309 0.057407 0.097531
1 0.089236 0.42608 0.059028 0.075617
1 0.264699 0.408179 0.039583 0.075617
1 0.307986 0.409259 0.046991 0.077778
1 0.705903 0.618364 0.120139 0.189198
1 0.681019 0.460031 0.058333 0.093519
1 0.715394 0.426698 0.056713 0.078704
1 0.806829 0.458025 0.054398 0.095679
1 0.92963 0.689969 0.130093 0.205247
1 0.938194 0.556636 0.103704 0.159568
1 0.925463 0.456636 0.056019 0.072531