1 0.34021 0.196203 0.018608 0.043601
1 0.377427 0.203938 0.021845 0.036568
1 0.392799 0.179325 0.01699 0.029536
1 0.423948 0.175105 0.016181 0.032349
1 0.446602 0.179325 0.017799 0.037975
1 0.45267 0.153305 0.012136 0.030942
1 0.466828 0.146976 0.014563 0.029536
1 0.475324 0.170183 0.013754 0.030942
1 0.481796 0.208158 0.018608 0.039381
1 0.4911 0.170886 0.014563 0.037975
1 0.493123 0.137131 0.013754 0.026723
1 0.504854 0.144163 0.012945 0.029536
1 0.521036 0.182138 0.017799 0.040788
1 0.533576 0.168776 0.013754 0.036568
1 0.527913 0.135021 0.01699 0.036568
1 0.56432 0.188467 0.020227 0.036568
1 0.559466 0.148383 0.013754 0.026723
1 0.567961 0.125879 0.012945 0.026723
1 0.580502 0.150492 0.01699 0.033755
1 0.592638 0.125879 0.013754 0.032349
1 0.609223 0.132208 0.014563 0.028129
1 0.614887 0.161041 0.014563 0.026723
1 0.652104 0.152602 0.014563 0.035162
1 0.646845 0.132911 0.012136 0.026723
1 0.633091 0.109001 0.010518 0.02391
1 0.670307 0.125879 0.013754 0.026723
1 0.699029 0.132208 0.014563 0.025316
1 0.692961 0.114627 0.013754 0.02391
1 0.732201 0.11955 0.014563 0.028129
1 0.604369 0.238397 0.022654 0.052039
1 0.63754 0.21519 0.02589 0.04782
1 0.676375 0.189873 0.019417 0.042194
1 0.683657 0.228551 0.022654 0.054852
1 0.732201 0.2391 0.021036 0.050633
1 0.728964 0.199719 0.017799 0.045007
1 0.711974 0.180028 0.014563 0.033755
1 0.753641 0.175105 0.015372 0.040788
1 0.748382 0.149789 0.014563 0.035162
1 0.776699 0.138537 0.016181 0.032349
1 0.794498 0.176512 0.019417 0.046414
1 0.80623 0.16315 0.018608 0.042194
1 0.812298 0.216596 0.022654 0.045007
1 0.838188 0.191983 0.016181 0.040788
1 0.830906 0.16315 0.017799 0.036568
1 0.843851 0.14346 0.016181 0.030942
1 0.857605 0.178622 0.014563 0.033755
1 0.877023 0.142757 0.014563 0.032349
1 0.909385 0.155415 0.012945 0.026723
1 0.884709 0.203938 0.01699 0.042194
1 0.904531 0.232771 0.024272 0.046414
1 0.934871 0.187764 0.01699 0.035162
1 0.958333 0.227145 0.018608 0.037975
1 0.960356 0.179325 0.012945 0.029536
1 0.896845 0.271449 0.021845 0.050633
1 0.719256 0.31083 0.048544 0.084388