1 0.056667 0.407459 0.056667 0.09116
1 0.093333 0.381215 0.043333 0.099448
1 0.148333 0.379834 0.043333 0.08011
1 0.181667 0.35221 0.03 0.058011
1 0.240833 0.374309 0.045 0.08011
1 0.281667 0.354972 0.03 0.063536
1 0.319167 0.349448 0.028333 0.052486
1 0.35 0.33011 0.02 0.041436
1 0.365 0.348066 0.026667 0.055249
1 0.385833 0.346685 0.025 0.058011
1 0.405 0.331492 0.023333 0.049724
1 0.443333 0.339779 0.036667 0.071823
1 0.475833 0.337017 0.021667 0.038674
1 0.495 0.323204 0.02 0.049724
1 0.5075 0.348066 0.025 0.055249
1 0.5125 0.314917 0.021667 0.049724
1 0.53 0.335635 0.02 0.041436
1 0.5475 0.395028 0.058333 0.104972
1 0.5425 0.323204 0.021667 0.038674
1 0.579167 0.339779 0.031667 0.066298
1 0.605833 0.321823 0.021667 0.046961
1 0.63 0.33011 0.023333 0.046961
1 0.6475 0.292818 0.018333 0.038674
1 0.683333 0.277624 0.02 0.035912
1 0.6975 0.270718 0.025 0.044199
1 0.7125 0.335635 0.031667 0.069061
1 0.669167 0.383978 0.055 0.121547
1 0.615833 0.457182 0.088333 0.151934
1 0.636667 0.633978 0.136667 0.262431
1 0.405833 0.459945 0.085 0.146409
1 0.199167 0.486188 0.121667 0.21547
1 0.731667 0.388122 0.043333 0.085635
1 0.733333 0.324586 0.02 0.041436
1 0.795 0.487569 0.093333 0.168508
1 0.810833 0.400552 0.061667 0.088398
1 0.810833 0.334254 0.031667 0.066298
1 0.846667 0.364641 0.023333 0.060773
1 0.878333 0.357735 0.046667 0.107735
1 0.910833 0.357735 0.028333 0.074586
1 0.925 0.366022 0.026667 0.063536