1 0.233333 0.344681 0.06 0.089362
1 0.178333 0.308511 0.05 0.068085
1 0.296667 0.345745 0.05 0.065957
1 0.303333 0.298936 0.033333 0.048936
1 0.358333 0.339362 0.046667 0.057447
1 0.37 0.41383 0.073333 0.095745
1 0.448333 0.332979 0.05 0.061702
1 0.4 0.353191 0.036667 0.051064
1 0.3775 0.308511 0.035 0.042553
1 0.414167 0.217021 0.031667 0.042553
1 0.476667 0.311702 0.026667 0.044681
1 0.496667 0.382979 0.05 0.076596
1 0.528333 0.442553 0.09 0.12766
1 0.686667 0.457447 0.086667 0.110638
1 0.616667 0.371277 0.053333 0.078723
1 0.546667 0.328723 0.046667 0.061702
1 0.523333 0.275532 0.033333 0.044681
1 0.580833 0.303191 0.028333 0.057447
1 0.6425 0.310638 0.031667 0.051064
1 0.67 0.318085 0.036667 0.057447
1 0.7 0.357447 0.056667 0.076596
1 0.769167 0.380851 0.061667 0.093617
1 0.8025 0.32234 0.041667 0.057447
1 0.86 0.370213 0.056667 0.085106
1 0.9425 0.341489 0.048333 0.074468
1 0.946667 0.546809 0.106667 0.170213