1 0.726667 0.112782 0.056667 0.090226
1 0.541667 0.655388 0.086667 0.152882
1 0.468333 0.566416 0.076667 0.115288
1 0.444167 0.512531 0.055 0.092732
1 0.41 0.464912 0.06 0.087719
1 0.373333 0.426065 0.05 0.080201
1 0.3325 0.404762 0.041667 0.072682
1 0.375833 0.364662 0.048333 0.057644
1 0.334167 0.333333 0.035 0.06015
1 0.371667 0.29198 0.03 0.057644
1 0.186667 0.307018 0.043333 0.062657
1 0.198333 0.286967 0.03 0.052632
1 0.143333 0.367168 0.046667 0.067669
1 0.1325 0.328321 0.041667 0.050125
1 0.076667 0.438596 0.063333 0.100251
1 0.083333 0.389724 0.06 0.077694
1 0.0475 0.536341 0.091667 0.110276
1 0.0275 0.461153 0.051667 0.100251
1 0.031667 0.654135 0.056667 0.110276
1 0.061667 0.769424 0.113333 0.170426