1 0.9025 0.330827 0.045 0.082707
1 0.78125 0.385338 0.0175 0.033835
1 0.74 0.404135 0.02 0.041353
1 0.70125 0.392857 0.0225 0.041353
1 0.64875 0.413534 0.0225 0.045113
1 0.64875 0.37782 0.0175 0.033835
1 0.56875 0.428571 0.0275 0.052632
1 0.58625 0.385338 0.0175 0.033835
1 0.5475 0.383459 0.02 0.037594
1 0.49375 0.43797 0.0375 0.056391
1 0.47625 0.407895 0.0175 0.041353
1 0.3925 0.471805 0.04 0.078947
1 0.37875 0.421053 0.0275 0.037594
1 0.335 0.385338 0.02 0.041353
1 0.375 0.387218 0.015 0.030075
1 0.43625 0.387218 0.0175 0.030075
1 0.2925 0.434211 0.025 0.056391
1 0.26375 0.389098 0.0275 0.048872
1 0.245 0.406015 0.025 0.045113
1 0.2125 0.488722 0.055 0.090226
1 0.15125 0.453008 0.0325 0.056391
1 0.1825 0.421053 0.03 0.052632
1 0.14 0.417293 0.02 0.037594
1 0.05375 0.443609 0.0325 0.052632
1 0.02875 0.430451 0.0325 0.048872