1 0.087 0.738739 0.118 0.144144
1 0.078 0.412913 0.04 0.069069
1 0.148 0.411411 0.04 0.072072
1 0.107 0.376877 0.034 0.051051
1 0.147 0.366366 0.03 0.054054
1 0.191 0.34985 0.026 0.051051
1 0.203 0.358859 0.03 0.051051
1 0.255 0.331832 0.026 0.051051
1 0.261 0.503003 0.054 0.099099
1 0.263 0.665165 0.102 0.171171
1 0.403 0.504505 0.054 0.09009
1 0.354 0.42042 0.036 0.066066
1 0.395 0.372372 0.03 0.06006
1 0.381 0.333333 0.026 0.048048
1 0.44 0.348348 0.024 0.054054
1 0.465 0.36036 0.03 0.054054
1 0.452 0.412913 0.036 0.069069
1 0.528 0.503003 0.056 0.099099
1 0.461 0.653153 0.082 0.171171
1 0.669 0.48048 0.062 0.114114
1 0.635 0.396396 0.038 0.072072
1 0.541 0.415916 0.038 0.063063
1 0.499 0.333333 0.026 0.048048
1 0.552 0.318318 0.028 0.048048
1 0.595 0.355856 0.03 0.063063
1 0.621 0.316817 0.026 0.057057
1 0.676 0.364865 0.032 0.069069
1 0.738 0.376877 0.044 0.081081
1 0.777 0.484985 0.054 0.111111
1 0.739 0.701201 0.094 0.189189
1 0.923 0.671171 0.102 0.195195
1 0.937 0.406907 0.042 0.081081
1 0.986 0.346847 0.028 0.057057
1 0.904 0.342342 0.032 0.06006
1 0.836 0.315315 0.028 0.054054
1 0.914 0.325826 0.024 0.045045