1 0.2825 0.253138 0.0325 0.075314
1 0.36625 0.263598 0.035 0.066946
1 0.1125 0.419456 0.06 0.098326
1 0.139375 0.476987 0.05875 0.112971
1 0.24625 0.483264 0.0825 0.133891
1 0.3175 0.482218 0.0625 0.098326
1 0.36125 0.616109 0.1075 0.190377
1 0.40125 0.449791 0.0475 0.087866
1 0.4725 0.532427 0.0575 0.135983
1 0.47125 0.481172 0.05 0.09205
1 0.523125 0.444561 0.04875 0.085774
1 0.611875 0.519874 0.07125 0.115063
1 0.595 0.470711 0.06 0.087866
1 0.61875 0.426778 0.045 0.075314
1 0.683125 0.442469 0.03125 0.069038
1 0.686875 0.601464 0.09375 0.165272
1 0.76625 0.523013 0.07 0.125523
1 0.834375 0.468619 0.03125 0.066946
1 0.86 0.5 0.0475 0.104603
1 0.908125 0.543933 0.08375 0.16318
1 0.91125 0.448745 0.035 0.069038
1 0.969375 0.501046 0.04875 0.098326
1 0.98875 0.443515 0.0225 0.046025