1 0.169434 0.723203 0.073242 0.102614
1 0.148926 0.671569 0.032227 0.050327
1 0.253174 0.673203 0.031738 0.047059
1 0.30835 0.706863 0.050293 0.068627
1 0.365234 0.694444 0.041992 0.071242
1 0.369385 0.794444 0.086426 0.13268
1 0.375977 0.600327 0.026367 0.050327
1 0.449951 0.717647 0.049316 0.081046
1 0.484619 0.698693 0.037598 0.065359
1 0.510498 0.70098 0.038574 0.060784
1 0.592041 0.716013 0.043457 0.05817
1 0.608643 0.70817 0.030762 0.054248
1 0.718994 0.766993 0.07373 0.105229
1 0.726074 0.70817 0.053711 0.066013
1 0.886719 0.694771 0.037109 0.052288
1 0.938477 0.697059 0.039062 0.05817