1 0.063 0.795385 0.07 0.113846
1 0.209 0.793846 0.054 0.092308
1 0.245 0.790769 0.042 0.08
1 0.333 0.776923 0.05 0.089231
1 0.401 0.758462 0.046 0.064615
1 0.453 0.753846 0.046 0.061538
1 0.508 0.738462 0.028 0.055385
1 0.522 0.749231 0.04 0.052308
1 0.53 0.658462 0.028 0.055385
1 0.584 0.727692 0.032 0.052308
1 0.655 0.732308 0.038 0.061538
1 0.693 0.747692 0.042 0.073846
1 0.68 0.890769 0.108 0.187692
1 0.841 0.76 0.05 0.092308
1 0.77 0.767692 0.048 0.070769
1 0.916 0.76 0.052 0.092308
1 0.96 0.78 0.068 0.107692