1 0.37622 0.178261 0.013415 0.03913
1 0.711585 0.323913 0.040244 0.082609
1 0.420732 0.175 0.017073 0.041304
1 0.434756 0.13913 0.015854 0.034783
1 0.45 0.144565 0.017073 0.032609
1 0.454268 0.159783 0.018293 0.028261
1 0.471951 0.148913 0.019512 0.036957
1 0.50061 0.125 0.023171 0.032609
1 0.490854 0.144565 0.02561 0.028261
1 0.486585 0.177174 0.021951 0.036957
1 0.505488 0.180435 0.015854 0.021739
1 0.52439 0.132609 0.019512 0.030435
1 0.546951 0.127174 0.015854 0.028261
1 0.57439 0.13913 0.017073 0.034783
1 0.59939 0.127174 0.020732 0.036957
1 0.601829 0.163043 0.02561 0.047826
1 0.623171 0.141304 0.019512 0.043478
1 0.630488 0.119565 0.017073 0.030435
1 0.668293 0.119565 0.012195 0.030435
1 0.703049 0.119565 0.013415 0.034783
1 0.62561 0.217391 0.017073 0.034783
1 0.659146 0.188043 0.018293 0.05
1 0.696341 0.175 0.014634 0.032609
1 0.673171 0.221739 0.017073 0.034783
1 0.710366 0.23587 0.018293 0.045652
1 0.732927 0.145652 0.021951 0.03913
1 0.732927 0.173913 0.012195 0.034783
1 0.752439 0.130435 0.017073 0.026087
1 0.766463 0.130435 0.020732 0.030435
1 0.770122 0.18587 0.02561 0.045652
1 0.796951 0.167391 0.018293 0.043478
1 0.789024 0.21087 0.017073 0.03913
1 0.812195 0.148913 0.017073 0.036957
1 0.820122 0.13587 0.013415 0.028261
1 0.82439 0.180435 0.009756 0.034783
1 0.904878 0.177174 0.017073 0.05
1 0.870732 0.266304 0.021951 0.045652
1 0.92622 0.230435 0.013415 0.030435
1 0.932927 0.21087 0.012195 0.030435
1 0.931098 0.177174 0.015854 0.028261
1 0.542073 0.143478 0.013415 0.026087
1 0.897561 0.209783 0.009756 0.041304