1 0.054104 0.400833 0.022388 0.048333
1 0.256063 0.264167 0.015858 0.028333
1 0.272388 0.266667 0.014925 0.03
1 0.3125 0.245 0.014925 0.03
1 0.337687 0.25 0.014925 0.026667
1 0.331623 0.2125 0.010261 0.025
1 0.347015 0.2175 0.011194 0.025
1 0.355877 0.225833 0.015858 0.025
1 0.357743 0.285 0.013993 0.036667
1 0.39972 0.2825 0.021455 0.045
1 0.380131 0.226667 0.015858 0.036667
1 0.383396 0.185 0.01306 0.026667
1 0.401119 0.1825 0.01306 0.025
1 0.400653 0.209167 0.013993 0.028333
1 0.446362 0.226667 0.015858 0.036667
1 0.472015 0.2275 0.016791 0.035
1 0.446362 0.188333 0.013993 0.026667
1 0.478545 0.193333 0.01306 0.026667
1 0.504198 0.195 0.013993 0.026667
1 0.472948 0.17 0.014925 0.023333
1 0.45709 0.151667 0.009328 0.023333
1 0.475746 0.138333 0.009328 0.02
1 0.528918 0.163333 0.01306 0.033333
1 0.54944 0.158333 0.009328 0.023333
1 0.577425 0.169167 0.01306 0.028333
1 0.564366 0.1475 0.011194 0.025
1 0.564832 0.12 0.010261 0.023333
1 0.597481 0.1425 0.010261 0.025
1 0.592351 0.125 0.009328 0.023333
1 0.609142 0.133333 0.009328 0.023333
1 0.614739 0.145833 0.009328 0.025
1 0.613806 0.118333 0.009328 0.023333
1 0.63666 0.143333 0.010261 0.026667
1 0.647854 0.120833 0.012127 0.025
1 0.68097 0.12 0.011194 0.023333
1 0.658582 0.170833 0.014925 0.025
1 0.61847 0.205 0.014925 0.033333
1 0.550373 0.244167 0.018657 0.041667
1 0.527519 0.209167 0.017724 0.038333
1 0.500933 0.291667 0.020522 0.053333
1 0.573228 0.295833 0.023321 0.048333
1 0.617071 0.2575 0.01959 0.048333
1 0.612407 0.320833 0.021455 0.048333
1 0.652052 0.281667 0.022388 0.056667
1 0.650187 0.213333 0.014925 0.033333
1 0.69403 0.178333 0.016791 0.036667
1 0.692164 0.145 0.011194 0.026667
1 0.70569 0.1525 0.012127 0.025
1 0.71875 0.1725 0.013993 0.028333
1 0.729011 0.200833 0.015858 0.031667
1 0.714552 0.228333 0.018657 0.04
1 0.697761 0.293333 0.018657 0.043333
1 0.769123 0.29 0.021455 0.046667
1 0.841418 0.324167 0.022388 0.048333
1 0.750466 0.246667 0.017724 0.043333
1 0.760261 0.210833 0.020522 0.038333
1 0.76166 0.1675 0.013993 0.031667
1 0.777985 0.160833 0.014925 0.031667
1 0.764925 0.1275 0.014925 0.031667
1 0.745802 0.1375 0.013993 0.028333
1 0.739739 0.114167 0.01306 0.028333
1 0.820896 0.209167 0.016791 0.041667
1 0.833489 0.196667 0.013993 0.036667
1 0.83209 0.158333 0.01306 0.03
1 0.85028 0.158333 0.012127 0.033333
1 0.854478 0.24 0.018657 0.053333
1 0.912313 0.255 0.018657 0.046667
1 0.902519 0.2325 0.015858 0.035
1 0.88666 0.206667 0.013993 0.04
1 0.879198 0.164167 0.013993 0.035
1 0.88666 0.159167 0.012127 0.025