1 0.028455 0.348301 0.01355 0.031553
1 0.177507 0.479369 0.03523 0.070388
1 0.26897 0.251214 0.014905 0.031553
1 0.289973 0.245146 0.01626 0.033981
1 0.309621 0.253641 0.017615 0.041262
1 0.382791 0.264563 0.017615 0.033981
1 0.388889 0.223301 0.01897 0.033981
1 0.383469 0.178398 0.01355 0.031553
1 0.392276 0.192961 0.014905 0.026699
1 0.413957 0.131068 0.014905 0.033981
1 0.423442 0.175971 0.017615 0.031553
1 0.444444 0.224515 0.01626 0.036408
1 0.465447 0.218447 0.017615 0.033981
1 0.447832 0.149272 0.012195 0.026699
1 0.49458 0.18568 0.01897 0.031553
1 0.514905 0.207524 0.01897 0.036408
1 0.518293 0.169903 0.017615 0.033981
1 0.541328 0.162621 0.017615 0.029126
1 0.515583 0.139563 0.014905 0.026699
1 0.490515 0.091019 0.01626 0.026699
1 0.52439 0.081311 0.01355 0.031553
1 0.559621 0.072816 0.01626 0.024272
1 0.571138 0.129854 0.014905 0.026699
1 0.592141 0.134709 0.01626 0.026699
1 0.611789 0.145631 0.012195 0.024272
1 0.631436 0.058252 0.01355 0.024272
1 0.551491 0.253641 0.02168 0.041262
1 0.49458 0.311893 0.02439 0.050971
1 0.53794 0.320388 0.02168 0.048544
1 0.618564 0.296117 0.023035 0.048544
1 0.686992 0.296117 0.0271 0.058252
1 0.732385 0.31432 0.031165 0.065534
1 0.815718 0.412621 0.03252 0.067961
1 0.77439 0.276699 0.025745 0.058252
1 0.814363 0.286408 0.02439 0.053398
1 0.726287 0.248786 0.02168 0.050971
1 0.753388 0.220874 0.01897 0.043689
1 0.771003 0.217233 0.01626 0.031553
1 0.699864 0.21966 0.020325 0.031553
1 0.661924 0.218447 0.014905 0.029126
1 0.619919 0.208738 0.017615 0.033981
1 0.642954 0.165049 0.017615 0.033981
1 0.651084 0.133495 0.014905 0.029126
1 0.664634 0.099515 0.014905 0.024272
1 0.693767 0.099515 0.01626 0.029126
1 0.733062 0.184466 0.02168 0.043689
1 0.773713 0.177184 0.01897 0.038835
1 0.73645 0.143204 0.017615 0.033981
1 0.746612 0.117718 0.01355 0.026699
1 0.761518 0.118932 0.01084 0.024272
1 0.77168 0.137136 0.020325 0.041262
1 0.795393 0.095874 0.01897 0.036408
1 0.818428 0.099515 0.01626 0.038835
1 0.834011 0.116505 0.012195 0.019417
1 0.848916 0.15534 0.017615 0.038835
1 0.827913 0.18932 0.01897 0.043689
1 0.859079 0.074029 0.01626 0.031553
1 0.890244 0.10801 0.01355 0.031553
1 0.901762 0.199029 0.023035 0.053398
1 0.878726 0.208738 0.017615 0.043689
1 0.865854 0.258495 0.01897 0.046117
1 0.886856 0.375 0.033875 0.075243
1 0.913279 0.218447 0.01626 0.038835
1 0.940379 0.104369 0.01355 0.029126
1 0.695799 0.148058 0.017615 0.033981