1 0.081 0.582667 0.07 0.12
1 0.14 0.510667 0.06 0.082667
1 0.199 0.402667 0.038 0.048
1 0.431 0.492 0.042 0.072
1 0.515 0.553333 0.07 0.093333
1 0.407 0.453333 0.034 0.058667
1 0.38 0.438667 0.028 0.045333
1 0.36 0.409333 0.024 0.04
1 0.452 0.386667 0.028 0.037333
1 0.481 0.409333 0.026 0.04
1 0.511 0.418667 0.026 0.042667
1 0.55 0.433333 0.032 0.050667
1 0.55 0.390667 0.02 0.04
1 0.578 0.4 0.02 0.032
1 0.623 0.458667 0.03 0.058667
1 0.637 0.418667 0.022 0.037333
1 0.685 0.426667 0.026 0.042667
1 0.729 0.416 0.026 0.037333
1 0.715 0.505333 0.038 0.077333
1 0.774 0.452 0.032 0.056
1 0.837 0.544 0.074 0.090667
1 0.864 0.476 0.04 0.072
1 0.895 0.453333 0.042 0.053333
1 0.979 0.537333 0.042 0.082667