1 0.063001 0.8035 0.090575 0.155
1 0.049799 0.688 0.066845 0.103
1 0.118316 0.6475 0.052139 0.07
1 0.093249 0.63425 0.036765 0.0665
1 0.201203 0.69425 0.081551 0.1325
1 0.215909 0.64175 0.046791 0.0815
1 0.232286 0.628 0.04746 0.075
1 0.285929 0.62225 0.043115 0.0675
1 0.315508 0.68375 0.066176 0.0825
1 0.304646 0.639 0.048463 0.07
1 0.335561 0.6005 0.035428 0.064
1 0.37266 0.624 0.049465 0.073
1 0.426471 0.66525 0.049465 0.0865
1 0.420622 0.599 0.043783 0.077
1 0.355782 0.4635 0.029746 0.056
1 0.308489 0.878 0.283422 0.244
1 0.548463 0.84175 0.182487 0.3165
1 0.552975 0.627 0.056484 0.098
1 0.644218 0.86625 0.089906 0.1655
1 0.729445 0.79525 0.086564 0.1365
1 0.708222 0.688 0.081551 0.122
1 0.747995 0.6475 0.067513 0.099
1 0.781918 0.60525 0.04111 0.0645
1 0.91494 0.84375 0.111965 0.2025
1 0.90391 0.709 0.09258 0.147
1 0.867647 0.6255 0.052139 0.107
1 0.883356 0.59625 0.066845 0.0885
1 0.974432 0.66225 0.051136 0.1035
1 0.969084 0.78025 0.061832 0.1335