1 0.02375 0.621667 0.045 0.076667
1 0.121875 0.573333 0.04625 0.076667
1 0.164375 0.583333 0.04375 0.066667
1 0.17125 0.735833 0.065 0.085
1 0.26 0.625 0.0425 0.08
1 0.28875 0.625833 0.0325 0.065
1 0.35625 0.590833 0.0375 0.068333
1 0.369375 0.6825 0.04375 0.075
1 0.4175 0.630833 0.0425 0.061667
1 0.513125 0.723333 0.04625 0.076667
1 0.52125 0.553333 0.0375 0.066667
1 0.560625 0.579167 0.03625 0.058333
1 0.6175 0.7125 0.0475 0.068333
1 0.66625 0.555 0.0425 0.07
1 0.709375 0.5375 0.03625 0.061667
1 0.804375 0.6125 0.05125 0.078333
1 0.8675 0.6075 0.045 0.065
1 0.948125 0.570833 0.04875 0.065