1 0.063281 0.327354 0.054688 0.067265
1 0.01875 0.32287 0.034375 0.067265
1 0.1125 0.321749 0.0625 0.073991
1 0.235937 0.46861 0.09375 0.116592
1 0.280469 0.371076 0.060937 0.08296
1 0.354687 0.33296 0.059375 0.073991
1 0.423438 0.316143 0.04375 0.06278
1 0.446094 0.410314 0.092188 0.107623
1 0.519531 0.331839 0.042188 0.067265
1 0.525 0.298206 0.034375 0.044843
1 0.625 0.293722 0.0375 0.049327
1 0.69375 0.360987 0.078125 0.112108
1 0.697656 0.292601 0.051562 0.08296
1 0.798438 0.303812 0.0625 0.087444
1 0.8875 0.368834 0.06875 0.078475
1 0.842187 0.334081 0.040625 0.071749
1 0.960156 0.497758 0.079687 0.161435
1 0.944531 0.264574 0.048438 0.049327