1 0.144167 0.483683 0.038333 0.072261
1 0.165 0.578089 0.04 0.074592
1 0.203333 0.530303 0.036667 0.062937
1 0.229167 0.488345 0.038333 0.062937
1 0.210833 0.451049 0.031667 0.053613
1 0.250833 0.578089 0.038333 0.06993
1 0.315 0.58042 0.033333 0.060606
1 0.295 0.496503 0.033333 0.055944
1 0.283333 0.45338 0.033333 0.053613
1 0.335 0.45338 0.036667 0.048951
1 0.345 0.502331 0.033333 0.053613
1 0.364167 0.519814 0.035 0.051282
1 0.373333 0.566434 0.036667 0.06993
1 0.395833 0.463869 0.035 0.060606
1 0.415 0.503497 0.03 0.060606
1 0.445 0.532634 0.033333 0.053613
1 0.44 0.583916 0.04 0.062937
1 0.481667 0.51049 0.04 0.055944
1 0.460833 0.451049 0.035 0.062937
1 0.505833 0.566434 0.038333 0.060606
1 0.540833 0.531469 0.035 0.060606
1 0.536667 0.438228 0.036667 0.060606
1 0.624167 0.413753 0.038333 0.062937
1 0.6125 0.525641 0.031667 0.058275
1 0.575 0.588578 0.04 0.058275
1 0.633333 0.574592 0.043333 0.067599
1 0.685 0.543124 0.036667 0.060606
1 0.711667 0.572261 0.04 0.058275
1 0.6875 0.48951 0.038333 0.055944
1 0.71 0.434732 0.033333 0.058275
1 0.761667 0.467366 0.036667 0.058275
1 0.768333 0.52331 0.036667 0.062937
1 0.805833 0.566434 0.041667 0.065268
1 0.860833 0.538462 0.041667 0.065268
1 0.8 0.432401 0.036667 0.058275