1 0.248096 0.16699 0.015234 0.034951
1 0.309032 0.232039 0.019587 0.036893
1 0.409684 0.21068 0.020675 0.036893
1 0.423286 0.253398 0.021763 0.04466
1 0.445593 0.183495 0.018498 0.040777
1 0.458651 0.146602 0.018498 0.03301
1 0.48259 0.178641 0.018498 0.038835
1 0.444505 0.235922 0.018498 0.036893
1 0.54679 0.171845 0.016322 0.036893
1 0.56148 0.185437 0.019587 0.040777
1 0.632209 0.123301 0.01741 0.03301
1 0.628945 0.220388 0.023939 0.052427
1 0.670838 0.221359 0.020675 0.050485
1 0.673558 0.169903 0.021763 0.04466
1 0.73667 0.220388 0.021763 0.052427
1 0.625136 0.318447 0.031556 0.073786
1 0.63765 0.269903 0.023939 0.058252
1 0.665397 0.298058 0.02938 0.056311
1 0.68988 0.321359 0.032644 0.079612
1 0.829162 0.253398 0.026115 0.052427
1 0.8716 0.265049 0.026115 0.056311
1 0.933624 0.247573 0.021763 0.048544