1 0.035333 0.243772 0.06 0.120996
1 0.078667 0.192171 0.04 0.067616
1 0.259333 0.482206 0.108 0.145907
1 0.352 0.410142 0.085333 0.104982
1 0.336667 0.290036 0.068 0.099644
1 0.301333 0.265125 0.037333 0.064057
1 0.265333 0.240214 0.037333 0.053381
1 0.374 0.243772 0.033333 0.05694
1 0.42 0.258897 0.053333 0.08363
1 0.476667 0.301601 0.073333 0.104982
1 0.585333 0.540925 0.106667 0.145907
1 0.668667 0.460854 0.084 0.131673
1 0.691333 0.342527 0.049333 0.080071
1 0.821333 0.225979 0.069333 0.103203
1 0.869333 0.373665 0.058667 0.099644
1 0.912667 0.321174 0.052 0.072954
1 0.755333 0.38968 0.041333 0.092527
1 0.701333 0.291815 0.064 0.081851
1 0.643333 0.295374 0.044 0.074733
1 0.578667 0.274021 0.050667 0.067616