1 0.529167 0.79 0.131667 0.242222
1 0.445 0.668889 0.133333 0.2
1 0.334167 0.594444 0.105 0.144444
1 0.335 0.481111 0.093333 0.117778
1 0.315 0.401111 0.083333 0.113333
1 0.259167 0.348889 0.065 0.088889
1 0.225833 0.307778 0.041667 0.064444
1 0.196667 0.3 0.04 0.062222
1 0.148333 0.278889 0.046667 0.06
1 0.08 0.171111 0.04 0.057778
1 0.186667 0.175556 0.036667 0.04
1 0.220833 0.237778 0.038333 0.048889
1 0.240833 0.177778 0.025 0.031111
1 0.274167 0.22 0.021667 0.035556
1 0.3 0.196667 0.03 0.046667
1 0.331667 0.204444 0.033333 0.048889
1 0.356667 0.243333 0.043333 0.068889
1 0.3975 0.252222 0.031667 0.064444
1 0.419167 0.254444 0.031667 0.064444
1 0.445833 0.253333 0.045 0.075556
1 0.475833 0.267778 0.041667 0.073333
1 0.521667 0.271111 0.053333 0.084444
1 0.5425 0.301111 0.055 0.095556
1 0.658333 0.278889 0.066667 0.108889
1 0.709167 0.395556 0.078333 0.093333
1 0.835833 0.347778 0.098333 0.144444
1 0.955 0.384444 0.09 0.155556
1 0.973333 0.215556 0.023333 0.031111
1 0.935833 0.207778 0.021667 0.033333
1 0.9225 0.178889 0.025 0.042222
1 0.883333 0.215556 0.02 0.031111
1 0.880833 0.196667 0.018333 0.028889
1 0.8475 0.195556 0.018333 0.031111
1 0.8325 0.183333 0.018333 0.024444
1 0.814167 0.2 0.021667 0.026667
1 0.774167 0.205556 0.018333 0.024444
1 0.795 0.204444 0.023333 0.022222
1 0.728333 0.177778 0.016667 0.017778
1 0.709167 0.176667 0.018333 0.024444
1 0.6925 0.168889 0.018333 0.022222
1 0.660833 0.183333 0.018333 0.028889
1 0.6275 0.174444 0.015 0.024444
1 0.595 0.172222 0.02 0.02
1 0.588333 0.127778 0.02 0.028889
1 0.564167 0.172222 0.015 0.02
1 0.550833 0.167778 0.015 0.02
1 0.56 0.151111 0.01 0.017778
1 0.548333 0.131111 0.013333 0.026667
1 0.529167 0.16 0.011667 0.013333
1 0.461667 0.141111 0.016667 0.02
1 0.360833 0.13 0.015 0.02