1 0.166667 0.52381 0.096667 0.180451
1 0.213333 0.494987 0.056667 0.117794
1 0.415833 0.423559 0.088333 0.150376
1 0.413333 0.305764 0.063333 0.095238
1 0.401667 0.226817 0.043333 0.062657
1 0.4125 0.171679 0.028333 0.047619
1 0.455833 0.179198 0.031667 0.042607
1 0.455 0.132832 0.026667 0.050125
1 0.5275 0.273183 0.065 0.155388
1 0.511667 0.172932 0.026667 0.0401
1 0.546667 0.142857 0.026667 0.045113
1 0.57 0.142857 0.023333 0.045113
1 0.608333 0.171679 0.03 0.047619
1 0.679167 0.397243 0.088333 0.157895
1 0.583333 0.733083 0.11 0.18797
1 0.7075 0.582707 0.105 0.132832
1 0.913333 0.665414 0.146667 0.238095