1 0.0665 0.844333 0.128 0.196
1 0.120625 0.587667 0.07425 0.111333
1 0.1775 0.58 0.059 0.096
1 0.322625 0.651333 0.08875 0.127333
1 0.301125 0.589667 0.07575 0.109333
1 0.340875 0.543167 0.05525 0.097
1 0.444625 0.537667 0.06275 0.1
1 0.516125 0.522833 0.06825 0.097
1 0.512375 0.601167 0.09225 0.120333
1 0.57675 0.364833 0.0635 0.085667
1 0.63925 0.548667 0.0705 0.104
1 0.5965 0.686667 0.115 0.153333
1 0.514375 0.9215 0.19625 0.156333
1 0.701 0.57 0.0515 0.082
1 0.784 0.511833 0.0615 0.095
1 0.805125 0.646833 0.10675 0.142333
1 0.854875 0.568 0.07125 0.102
1 0.886375 0.513833 0.05075 0.085
1 0.948375 0.505333 0.08275 0.122