1 0.155 0.290039 0.2275 0.361328
1 0.303125 0.352539 0.06625 0.126953
1 0.356875 0.331055 0.01375 0.025391
1 0.33625 0.337891 0.0125 0.027344
1 0.358125 0.360352 0.01875 0.029297
1 0.3875 0.336914 0.0175 0.037109
1 0.409375 0.362305 0.02125 0.048828
1 0.434375 0.392578 0.02125 0.035156
1 0.445625 0.362305 0.01625 0.029297
1 0.46 0.34668 0.015 0.029297
1 0.4925 0.415039 0.03 0.052734
1 0.52625 0.435547 0.0375 0.058594
1 0.5375 0.365234 0.015 0.027344
1 0.51125 0.368164 0.0175 0.025391
1 0.494375 0.354492 0.01375 0.021484
1 0.569375 0.368164 0.01375 0.029297
1 0.57625 0.411133 0.02 0.033203
1 0.615 0.427734 0.0375 0.074219
1 0.605 0.375977 0.0175 0.037109
1 0.639375 0.401367 0.01625 0.037109
1 0.675 0.420898 0.0175 0.029297
1 0.833125 0.368164 0.02375 0.044922