1 0.15875 0.6425 0.145 0.208333
1 0.034375 0.623333 0.06375 0.096667
1 0.0525 0.485 0.0325 0.046667
1 0.07 0.47 0.0275 0.05
1 0.025 0.4925 0.0275 0.038333
1 0.034375 0.466667 0.02375 0.03
1 0.094375 0.476667 0.02625 0.036667
1 0.11375 0.494167 0.03 0.041667
1 0.129375 0.478333 0.02375 0.036667
1 0.18 0.4875 0.0275 0.035
1 0.203125 0.525833 0.04625 0.061667
1 0.221875 0.489167 0.03625 0.048333
1 0.263125 0.5175 0.05125 0.065
1 0.34 0.538333 0.0475 0.07
1 0.31375 0.625 0.0625 0.076667
1 0.411875 0.586667 0.06125 0.096667
1 0.378125 0.5225 0.03125 0.045
1 0.3875 0.505833 0.0275 0.051667
1 0.445 0.558333 0.04 0.073333
1 0.444375 0.51 0.04125 0.06
1 0.51 0.533333 0.035 0.05
1 0.529375 0.600833 0.06875 0.101667
1 0.549375 0.733333 0.11875 0.133333
1 0.621875 0.639167 0.09375 0.151667
1 0.58125 0.53 0.04 0.066667
1 0.508125 0.508333 0.03125 0.04
1 0.6075 0.5 0.03 0.053333
1 0.66 0.544167 0.0675 0.098333
1 0.72125 0.579167 0.0775 0.135
1 0.69375 0.499167 0.0325 0.038333
1 0.761875 0.51 0.02875 0.046667
1 0.785 0.439167 0.0275 0.041667
1 0.80375 0.541667 0.035 0.063333
1 0.825 0.518333 0.0275 0.05
1 0.85 0.5175 0.0275 0.051667