1 0.114583 0.589342 0.066667 0.094044
1 0.06875 0.545455 0.045833 0.068966
1 0.060417 0.498433 0.033333 0.050157
1 0.039583 0.485893 0.029167 0.050157
1 0.014583 0.517241 0.025 0.068966
1 0.113542 0.465517 0.03125 0.053292
1 0.128125 0.50627 0.03125 0.053292
1 0.160417 0.529781 0.045833 0.068966
1 0.155208 0.474922 0.03125 0.040752
1 0.213542 0.498433 0.039583 0.062696
1 0.205208 0.452978 0.03125 0.047022
1 0.261458 0.54232 0.05625 0.087774
1 0.251042 0.633229 0.072917 0.125392
1 0.251042 0.467085 0.027083 0.043887
1 0.2625 0.443574 0.025 0.040752
1 0.302083 0.45768 0.033333 0.043887
1 0.319792 0.452978 0.022917 0.040752
1 0.35 0.50627 0.041667 0.0721
1 0.376042 0.583072 0.052083 0.100313
1 0.359375 0.446708 0.027083 0.047022
1 0.376042 0.476489 0.027083 0.043887
1 0.413542 0.473354 0.027083 0.043887
1 0.440625 0.478056 0.027083 0.053292
1 0.45625 0.449843 0.029167 0.053292
1 0.480208 0.462382 0.027083 0.059561
1 0.479167 0.534483 0.05 0.084639
1 0.532292 0.496865 0.039583 0.059561
1 0.538542 0.459248 0.022917 0.047022
1 0.583333 0.471787 0.0375 0.059561
1 0.636458 0.490596 0.04375 0.0721
1 0.619792 0.470219 0.03125 0.050157
1 0.678125 0.479624 0.035417 0.068966
1 0.861458 0.322884 0.114583 0.181818