1 0.120667 0.688 0.041333 0.064
1 0.137333 0.648 0.042667 0.06
1 0.198 0.698 0.038667 0.056
1 0.202 0.659 0.033333 0.054
1 0.268667 0.656 0.038667 0.068
1 0.304 0.647 0.04 0.058
1 0.372667 0.661 0.036 0.054
1 0.395333 0.636 0.028 0.056
1 0.453333 0.739 0.050667 0.082
1 0.502667 0.769 0.048 0.094
1 0.524 0.743 0.04 0.082
1 0.456 0.64 0.034667 0.06
1 0.439333 0.636 0.028 0.052
1 0.436667 0.688 0.028 0.052
1 0.508667 0.623 0.030667 0.058
1 0.592667 0.66 0.030667 0.064
1 0.588 0.738 0.042667 0.076
1 0.624 0.771 0.056 0.082
1 0.655333 0.729 0.062667 0.086
1 0.628667 0.654 0.030667 0.064
1 0.61 0.607 0.022667 0.042
1 0.649333 0.611 0.024 0.05
1 0.682667 0.615 0.024 0.042
1 0.716 0.684 0.045333 0.068
1 0.975333 0.921 0.049333 0.122
1 0.914667 0.697 0.034667 0.062
1 0.892 0.666 0.026667 0.064
1 0.926 0.653 0.041333 0.062
1 0.966667 0.668 0.032 0.064