1 0.027344 0.235849 0.048438 0.089623
1 0.094531 0.253538 0.064062 0.101415
1 0.232031 0.418632 0.045312 0.068396
1 0.280469 0.426887 0.051562 0.075472
1 0.239844 0.377358 0.029687 0.042453
1 0.216406 0.371462 0.023438 0.044811
1 0.325 0.351415 0.03125 0.051887
1 0.382031 0.346698 0.035937 0.066038
1 0.360156 0.458726 0.057813 0.091981
1 0.410156 0.521226 0.070312 0.099057
1 0.435156 0.399764 0.048438 0.082547
1 0.441406 0.341981 0.026562 0.04717
1 0.426563 0.331368 0.021875 0.044811
1 0.478906 0.378538 0.032813 0.054245
1 0.486719 0.323113 0.023438 0.04717
1 0.535156 0.332547 0.023438 0.042453
1 0.53125 0.39033 0.034375 0.068396
1 0.510938 0.435142 0.046875 0.087264
1 0.567969 0.457547 0.060937 0.099057
1 0.623437 0.379717 0.040625 0.075472
1 0.561719 0.354953 0.026562 0.054245
1 0.610156 0.311321 0.023438 0.04717
1 0.647656 0.326651 0.026562 0.049528
1 0.709375 0.366745 0.028125 0.054245
1 0.741406 0.396226 0.042188 0.075472
1 0.717187 0.34434 0.025 0.042453
1 0.710938 0.313679 0.025 0.037736
1 0.773438 0.321934 0.025 0.054245
1 0.785937 0.341981 0.028125 0.04717
1 0.785156 0.400943 0.054688 0.075472
1 0.7625 0.607311 0.10625 0.17217
1 0.867969 0.57783 0.079687 0.108491
1 0.932813 0.745283 0.10625 0.226415
1 0.96875 0.477594 0.053125 0.115566
1 0.965625 0.330189 0.03125 0.056604
1 0.90625 0.333726 0.034375 0.054245
1 0.884375 0.326651 0.025 0.044811
1 0.841406 0.324292 0.026562 0.049528