1 0.9075 0.857143 0.175 0.285714
1 0.72 0.37594 0.135 0.225564
1 0.57625 0.567669 0.0725 0.135338
1 0.64125 0.50188 0.0625 0.116541
1 0.35625 0.298872 0.1075 0.214286
1 0.44625 0.445489 0.0525 0.101504
1 0.5075 0.387218 0.035 0.067669
1 0.56 0.387218 0.03 0.052632
1 0.57375 0.351504 0.0275 0.048872
1 0.51 0.330827 0.03 0.06015
1 0.86875 0.422932 0.0375 0.06391
1 0.90625 0.357143 0.0225 0.045113
1 0.94375 0.355263 0.0325 0.056391
1 0.975 0.379699 0.03 0.06015
1 0.9575 0.550752 0.085 0.206767
1 0.2625 0.422932 0.05 0.071429
1 0.215 0.422932 0.04 0.071429
1 0.18375 0.447368 0.0425 0.067669
1 0.1825 0.552632 0.095 0.150376
1 0.06375 0.738722 0.1225 0.25188
1 0.02125 0.434211 0.0375 0.086466
1 0.04375 0.400376 0.0375 0.056391
1 0.07125 0.381579 0.0325 0.056391
1 0.0975 0.413534 0.045 0.067669
1 0.1475 0.37594 0.045 0.067669