1 0.43125 0.73 0.065 0.14
1 0.574375 0.696667 0.06625 0.117778
1 0.6025 0.56 0.0375 0.088889
1 0.42 0.566667 0.045 0.097778
1 0.3425 0.526667 0.035 0.075556
1 0.29125 0.487778 0.03 0.06
1 0.2525 0.524444 0.04 0.075556
1 0.259375 0.441111 0.02625 0.051111
1 0.216875 0.417778 0.02375 0.048889
1 0.16875 0.434444 0.03 0.051111
1 0.1675 0.38 0.0175 0.035556
1 0.1325 0.39 0.025 0.042222
1 0.139375 0.35 0.01625 0.028889
1 0.115625 0.356667 0.01875 0.046667
1 0.12125 0.331111 0.0125 0.031111
1 0.0925 0.34 0.0175 0.035556
1 0.08375 0.321111 0.0125 0.024444
1 0.10125 0.314444 0.0125 0.024444
1 0.088125 0.255556 0.01125 0.017778
1 0.6925 0.573333 0.0325 0.066667
1 0.8575 0.623333 0.05 0.1
1 0.8425 0.56 0.0375 0.066667
1 0.90375 0.53 0.03 0.06
1 0.90375 0.477778 0.03 0.057778
1 0.926875 0.456667 0.02125 0.051111
1 0.91625 0.43 0.0225 0.042222
1 0.98875 0.475556 0.02 0.062222
1 0.8875 0.415556 0.0175 0.04
1 0.823125 0.46 0.02125 0.053333
1 0.756875 0.481111 0.03125 0.051111
1 0.680625 0.491111 0.03125 0.053333
1 0.66125 0.461111 0.0225 0.046667
1 0.619375 0.47 0.02375 0.051111
1 0.575 0.503333 0.0275 0.064444
1 0.499375 0.463333 0.02625 0.051111
1 0.425 0.461111 0.025 0.06
1 0.43 0.423333 0.0225 0.046667
1 0.393125 0.408889 0.02375 0.044444
1 0.3425 0.406667 0.02 0.04
1 0.34625 0.384444 0.02 0.044444
1 0.316875 0.372222 0.01625 0.028889
1 0.320625 0.348889 0.01625 0.022222
1 0.285625 0.357778 0.01125 0.022222
1 0.27125 0.366667 0.0175 0.031111
1 0.391875 0.328889 0.01875 0.035556
1 0.410625 0.38 0.01625 0.04
1 0.435625 0.378889 0.01375 0.033333
1 0.49 0.408889 0.0225 0.044444
1 0.48375 0.39 0.015 0.033333
1 0.50625 0.39 0.0175 0.037778
1 0.524375 0.397778 0.01625 0.031111
1 0.53375 0.427778 0.0225 0.046667
1 0.58875 0.43 0.02 0.042222
1 0.584375 0.387778 0.01625 0.037778
1 0.545625 0.388889 0.01375 0.035556
1 0.62125 0.422222 0.02 0.04
1 0.644375 0.374444 0.01375 0.028889
1 0.656875 0.416667 0.02125 0.042222
1 0.665 0.376667 0.0175 0.033333
1 0.690625 0.398889 0.01875 0.037778
1 0.716875 0.423333 0.02125 0.037778
1 0.743125 0.383333 0.01625 0.037778
1 0.7625 0.446667 0.0225 0.048889
1 0.75375 0.427778 0.0175 0.042222
1 0.776875 0.387778 0.01875 0.037778
1 0.794375 0.43 0.01875 0.042222
1 0.8125 0.406667 0.0175 0.035556
1 0.83375 0.397778 0.0175 0.035556
1 0.833125 0.436667 0.01375 0.028889