1 0.0625 0.252345 0.075 0.133208
1 0.121875 0.204503 0.06625 0.105066
1 0.2025 0.285178 0.0575 0.097561
1 0.24 0.516886 0.0775 0.136961
1 0.274375 0.245779 0.06625 0.116323
1 0.225625 0.165103 0.05125 0.093809
1 0.3275 0.175422 0.0525 0.084428
1 0.359375 0.287054 0.05875 0.101313
1 0.40125 0.225141 0.055 0.101313
1 0.446875 0.152908 0.04375 0.106942
1 0.49375 0.189493 0.0475 0.086304
1 0.53875 0.232645 0.065 0.101313
1 0.589375 0.206379 0.03625 0.093809
1 0.640625 0.23546 0.05375 0.099437
1 0.676875 0.17167 0.04375 0.084428
1 0.696875 0.260788 0.06875 0.120075
1 0.7525 0.196998 0.0475 0.093809
1 0.785625 0.246717 0.05875 0.103189
1 0.816875 0.164165 0.05375 0.095685
1 0.848125 0.230769 0.05375 0.108818
1 0.93125 0.245779 0.055 0.105066
1 0.61375 0.502814 0.0725 0.142589
1 0.45 0.497186 0.0625 0.12758