1 0.231409 0.276339 0.030333 0.048359
1 0.379159 0.273748 0.028376 0.036269
1 0.410959 0.278066 0.029354 0.055268
1 0.46184 0.222798 0.021526 0.044905
1 0.48728 0.309154 0.029354 0.06563
1 0.53865 0.330743 0.026419 0.050086
1 0.59002 0.391192 0.037182 0.056995
1 0.635029 0.246978 0.027397 0.031088
1 0.677104 0.210708 0.02544 0.048359
1 0.790117 0.279793 0.026419 0.041451
1 0.851272 0.311744 0.02544 0.046632
1 0.906556 0.150259 0.018591 0.027634
1 0.937378 0.159758 0.021526 0.043178
1 0.57045 0.136442 0.023483 0.031088
1 0.596869 0.118307 0.019569 0.036269
1 0.418297 0.16494 0.024462 0.032815