1 0.554 0.457565 0.024 0.051661
1 0.461 0.784133 0.11 0.217712
1 0.241 0.856089 0.194 0.265683
1 0.197 0.708487 0.086 0.125461
1 0.153 0.673432 0.058 0.107011
1 0.029 0.616236 0.05 0.118081
1 0.061 0.601476 0.038 0.081181
1 0.091 0.584871 0.022 0.04797
1 0.218 0.597786 0.028 0.066421
1 0.246 0.669742 0.036 0.070111
1 0.262 0.632841 0.036 0.062731
1 0.257 0.590406 0.03 0.059041
1 0.309 0.618081 0.026 0.062731
1 0.336 0.656827 0.04 0.066421
1 0.342 0.627306 0.028 0.059041
1 0.369 0.625461 0.022 0.04797
1 0.385 0.642066 0.022 0.051661
1 0.398 0.712177 0.052 0.110701
1 0.42 0.632841 0.028 0.070111
1 0.445 0.636531 0.034 0.077491
1 0.471 0.632841 0.026 0.070111
1 0.492 0.632841 0.024 0.062731
1 0.511 0.645756 0.022 0.051661
1 0.542 0.693727 0.048 0.118081
1 0.554 0.660517 0.036 0.095941
1 0.571 0.642066 0.03 0.073801
1 0.137 0.607011 0.022 0.04797
1 0.142 0.584871 0.032 0.062731
1 0.742 0.649446 0.028 0.059041
1 0.78 0.643911 0.024 0.077491
1 0.812 0.658672 0.036 0.092251
1 0.838 0.678967 0.036 0.073801
1 0.919 0.678967 0.05 0.110701
1 0.896 0.654982 0.032 0.070111
1 0.964 0.666052 0.04 0.092251