1 0.193715 0.407746 0.048528 0.085915
1 0.261734 0.266901 0.019093 0.032394
1 0.299125 0.240845 0.023866 0.042254
1 0.325378 0.208451 0.017502 0.039437
1 0.322991 0.248592 0.020684 0.032394
1 0.353222 0.25493 0.023866 0.03662
1 0.385044 0.253521 0.017502 0.042254
1 0.38027 0.2 0.015911 0.039437
1 0.40533 0.169014 0.013524 0.025352
1 0.43397 0.157746 0.015115 0.033803
1 0.463007 0.140845 0.01432 0.028169
1 0.462609 0.164085 0.016706 0.038028
1 0.479714 0.128169 0.012729 0.028169
1 0.505569 0.121127 0.011933 0.022535
1 0.521082 0.129577 0.01432 0.030986
1 0.417263 0.180282 0.011933 0.033803
1 0.428003 0.241549 0.019093 0.032394
1 0.413286 0.276056 0.02148 0.042254
1 0.479714 0.211268 0.019093 0.039437
1 0.495227 0.185915 0.015115 0.039437
1 0.558075 0.138732 0.013524 0.035211
1 0.526253 0.200704 0.019889 0.035211
1 0.570008 0.169718 0.018298 0.035211
1 0.58035 0.13169 0.016706 0.029577
1 0.585123 0.146479 0.016706 0.030986
1 0.599045 0.106338 0.019093 0.029577
1 0.620127 0.110563 0.015115 0.029577
1 0.641607 0.111972 0.016706 0.035211
1 0.614161 0.151408 0.01432 0.023944
1 0.630072 0.146479 0.019093 0.039437
1 0.663882 0.119718 0.013524 0.030986
1 0.501193 0.28169 0.027049 0.053521
1 0.546937 0.302113 0.027844 0.052113
1 0.580748 0.239437 0.022275 0.04507
1 0.606603 0.252113 0.031026 0.053521
1 0.626492 0.205634 0.018298 0.053521
1 0.654336 0.197183 0.024662 0.053521
1 0.654336 0.153521 0.019889 0.039437
1 0.69292 0.14507 0.017502 0.039437
1 0.766508 0.126056 0.013524 0.035211
1 0.79634 0.125352 0.015911 0.03662
1 0.726333 0.153521 0.019093 0.039437
1 0.745028 0.148592 0.016706 0.043662
1 0.759348 0.169014 0.016706 0.03662
1 0.791567 0.18169 0.019093 0.04507
1 0.805489 0.169718 0.016706 0.040845
1 0.836118 0.134507 0.017502 0.043662
1 0.867542 0.138028 0.013524 0.033803
1 0.699284 0.214085 0.022275 0.04507
1 0.665871 0.242958 0.023866 0.05493
1 0.674224 0.292254 0.026253 0.071831
1 0.719968 0.252817 0.027049 0.05493
1 0.742243 0.326761 0.035004 0.084507
1 0.772474 0.282394 0.023866 0.05493
1 0.844471 0.178873 0.018298 0.039437
1 0.889419 0.193662 0.019093 0.046479
1 0.81782 0.226056 0.020684 0.046479
1 0.838504 0.219718 0.019093 0.039437
1 0.870326 0.249296 0.019093 0.056338
1 0.912092 0.265493 0.027844 0.046479
1 0.337709 0.216901 0.018298 0.039437
1 0.712808 0.188028 0.02864 0.052113
1 0.74463 0.240141 0.017502 0.040845
1 0.740652 0.197887 0.020684 0.040845