1 0.023187 0.440909 0.029511 0.060606
1 0.239882 0.343939 0.019393 0.033333
1 0.265177 0.376515 0.019393 0.043939
1 0.296374 0.384091 0.021079 0.040909
1 0.342327 0.37197 0.028668 0.04697
1 0.298904 0.307576 0.017707 0.036364
1 0.370152 0.337879 0.016863 0.036364
1 0.367622 0.298485 0.016863 0.039394
1 0.399241 0.325 0.014334 0.037879
1 0.421585 0.338636 0.021922 0.040909
1 0.420742 0.300758 0.015177 0.031818
1 0.407673 0.265152 0.014334 0.027273
1 0.420742 0.270455 0.015177 0.034848
1 0.444772 0.249242 0.014334 0.028788
1 0.461214 0.262879 0.016863 0.031818
1 0.483558 0.30303 0.01602 0.036364
1 0.464587 0.373485 0.021922 0.04697
1 0.485245 0.234091 0.012648 0.025758
1 0.525295 0.265152 0.013491 0.030303
1 0.486509 0.27197 0.021922 0.034848
1 0.516442 0.325 0.021079 0.04697
1 0.538786 0.279545 0.01855 0.043939
1 0.552698 0.250758 0.01602 0.037879
1 0.536256 0.25303 0.011804 0.036364
1 0.575464 0.224242 0.012648 0.027273
1 0.588111 0.234091 0.014334 0.028788
1 0.592749 0.220455 0.015177 0.025758
1 0.620995 0.217424 0.014334 0.028788
1 0.632378 0.20303 0.011804 0.033333
1 0.618465 0.248485 0.01602 0.036364
1 0.604975 0.249242 0.014334 0.028788
1 0.60118 0.266667 0.015177 0.033333
1 0.584739 0.287879 0.019393 0.045455
1 0.553541 0.354545 0.026138 0.054545
1 0.564503 0.411364 0.032884 0.05303
1 0.477656 0.418182 0.029511 0.057576
1 0.612563 0.456061 0.032884 0.069697
1 0.621417 0.329545 0.025295 0.040909
1 0.632799 0.360606 0.026138 0.057576
1 0.64629 0.212879 0.012648 0.028788
1 0.660624 0.225 0.017707 0.031818
1 0.679595 0.208333 0.010118 0.025758
1 0.693086 0.224242 0.013491 0.033333
1 0.655987 0.241667 0.013491 0.028788
1 0.698145 0.266667 0.016863 0.033333
1 0.719646 0.222727 0.014334 0.030303
1 0.725548 0.25 0.012648 0.036364
1 0.6543 0.308333 0.020236 0.037879
1 0.669056 0.345455 0.019393 0.045455
1 0.677487 0.368182 0.026138 0.063636
1 0.709106 0.356061 0.021922 0.048485
1 0.701939 0.321212 0.022766 0.045455
1 0.660624 0.464394 0.037943 0.074242
1 0.728078 0.496212 0.036256 0.086364
1 0.756745 0.406818 0.026138 0.05303
1 0.805649 0.434848 0.029511 0.054545
1 0.768128 0.243939 0.015177 0.030303
1 0.779933 0.229545 0.015177 0.028788
1 0.803541 0.235606 0.013491 0.031818
1 0.815346 0.241667 0.015177 0.034848
1 0.838954 0.263636 0.016863 0.036364
1 0.868465 0.253788 0.015177 0.037879
1 0.75 0.287121 0.017707 0.034848
1 0.775295 0.271212 0.017707 0.036364
1 0.798482 0.284848 0.016863 0.039394
1 0.8457 0.300758 0.015177 0.034848
1 0.839798 0.331061 0.021922 0.040909
1 0.836003 0.366667 0.024452 0.045455
1 0.878162 0.337879 0.01602 0.039394
1 0.889123 0.374242 0.021079 0.060606
1 0.903457 0.338636 0.017707 0.043939
1 0.90683 0.314394 0.01602 0.034848
1 0.878583 0.283333 0.016863 0.033333
1 0.884907 0.274242 0.012648 0.036364
1 0.89882 0.248485 0.011804 0.033333
1 0.924536 0.285606 0.014334 0.040909
1 0.940135 0.322727 0.015177 0.039394
1 0.940556 0.307576 0.01602 0.036364
1 0.960371 0.268182 0.011804 0.033333
1 0.961636 0.298485 0.014334 0.036364
1 0.969646 0.372727 0.01855 0.060606
1 0.940135 0.474242 0.028668 0.060606
1 0.870995 0.485606 0.028668 0.062121
1 0.848651 0.540909 0.031197 0.075758
1 0.93887 0.455303 0.024452 0.037879