1 0.108149 0.30037 0.086519 0.145926
1 0.064135 0.25963 0.076962 0.111852
1 0.087022 0.19037 0.057344 0.094815
1 0.098592 0.153704 0.045272 0.071852
1 0.024396 0.111111 0.044769 0.06963
1 0.127012 0.097778 0.047787 0.063704
1 0.152163 0.087407 0.032696 0.065185
1 0.200453 0.077037 0.03169 0.060741
1 0.22007 0.041481 0.028672 0.05037
1 0.24497 0.034074 0.024145 0.045926
1 0.300805 0.028889 0.028169 0.045926
1 0.344064 0.017037 0.021127 0.02963
1 0.309105 0.215926 0.059859 0.091111
1 0.202968 0.43963 0.111167 0.184444
1 0.459507 0.451852 0.110161 0.197037
1 0.512324 0.398889 0.067907 0.122222
1 0.605382 0.438889 0.059859 0.11037
1 0.714789 0.431481 0.061368 0.128148
1 0.885563 0.461481 0.072938 0.118519
1 0.959004 0.190741 0.054829 0.085185
1 0.546026 0.312222 0.039738 0.061481
1 0.506288 0.302593 0.039738 0.073333
1 0.437123 0.275556 0.057344 0.09037
1 0.368461 0.251111 0.061871 0.100741
1 0.306841 0.162222 0.051308 0.066667
1 0.298793 0.124444 0.04326 0.051852
1 0.407696 0.077037 0.033702 0.060741
1 0.451962 0.075926 0.03169 0.043704
1 0.478622 0.210741 0.03672 0.04963
1 0.473089 0.164074 0.03169 0.046667
1 0.505282 0.14963 0.03672 0.056296