1 0.078652 0.5464 0.048154 0.0976
1 0.203852 0.2776 0.020867 0.0496
1 0.229936 0.272 0.02488 0.048
1 0.279695 0.2384 0.020064 0.0448
1 0.310594 0.2384 0.019262 0.0416
1 0.310594 0.2112 0.019262 0.048
1 0.330257 0.2256 0.016854 0.048
1 0.347913 0.216 0.018459 0.0448
1 0.366372 0.2624 0.018459 0.0512
1 0.397673 0.2424 0.020064 0.0432
1 0.368379 0.1976 0.017657 0.04
1 0.390048 0.1952 0.016051 0.0384
1 0.433387 0.1944 0.019262 0.0432
1 0.44382 0.1656 0.017657 0.0368
1 0.469904 0.2424 0.021669 0.0432
1 0.432183 0.3208 0.023274 0.0656
1 0.494382 0.2072 0.019262 0.0432
1 0.481541 0.176 0.016051 0.0384
1 0.466693 0.172 0.016854 0.0368
1 0.454655 0.1648 0.012039 0.0288
1 0.494783 0.1544 0.016854 0.0368
1 0.518459 0.172 0.022472 0.0432
1 0.549759 0.2144 0.017657 0.0384
1 0.55297 0.1416 0.012841 0.04
1 0.5626 0.164 0.014446 0.0304
1 0.57825 0.1368 0.015249 0.0336
1 0.597913 0.1288 0.014446 0.0336
1 0.607143 0.1568 0.016854 0.032
1 0.606742 0.1832 0.014446 0.0368
1 0.581862 0.1768 0.017657 0.0336
1 0.62199 0.2 0.017657 0.0416
1 0.630417 0.1328 0.015249 0.0384
1 0.655297 0.1488 0.013644 0.0352
1 0.657303 0.1872 0.017657 0.0384
1 0.666934 0.1336 0.016051 0.0368
1 0.691011 0.1408 0.014446 0.0352
1 0.709069 0.1536 0.013644 0.0384
1 0.689406 0.1696 0.017657 0.0384
1 0.569021 0.2144 0.017657 0.0384
1 0.57504 0.3296 0.023274 0.0544
1 0.596709 0.3824 0.029695 0.064
1 0.613965 0.288 0.027287 0.0544
1 0.664125 0.2504 0.021669 0.0528
1 0.69703 0.2192 0.018459 0.0416
1 0.658106 0.3888 0.025682 0.0608
1 0.72512 0.3864 0.029695 0.0624
1 0.795345 0.4416 0.032103 0.08
1 0.874398 0.4712 0.03451 0.072
1 0.725923 0.26 0.021669 0.0528
1 0.752006 0.2896 0.020867 0.0416
1 0.742777 0.2288 0.016854 0.0448
1 0.747191 0.188 0.016051 0.0368
1 0.770867 0.184 0.015249 0.0416
1 0.781701 0.204 0.014446 0.04
1 0.796549 0.2544 0.018459 0.0544
1 0.813403 0.2904 0.026485 0.056
1 0.819823 0.2256 0.016854 0.0416
1 0.808989 0.188 0.017657 0.04
1 0.841493 0.2128 0.015249 0.0352
1 0.869181 0.2264 0.014446 0.04
1 0.878812 0.224 0.012841 0.0352
1 0.900482 0.2528 0.014446 0.0352
1 0.906902 0.228 0.012841 0.0304
1 0.888844 0.2912 0.020064 0.0448
1 0.867576 0.3096 0.020867 0.0528
1 0.847913 0.368 0.023274 0.0608
1 0.887239 0.3856 0.02488 0.0672
1 0.927368 0.3232 0.020064 0.0512
1 0.929374 0.2712 0.017657 0.0464
1 0.947833 0.244 0.016051 0.0432
1 0.954655 0.4256 0.023274 0.0672
1 0.94703 0.3688 0.022472 0.0592
1 0.973114 0.3536 0.020064 0.0544
1 0.974318 0.3088 0.014446 0.0352
1 0.985554 0.26 0.016051 0.0464