1 0.135494 0.702247 0.094683 0.148876
1 0.218517 0.592697 0.072761 0.101124
1 0.28743 0.540028 0.051539 0.099017
1 0.31833 0.483848 0.041978 0.077247
1 0.167211 0.47349 0.045243 0.077598
1 0.207673 0.450843 0.032882 0.056882
1 0.236007 0.430653 0.039179 0.057935
1 0.277868 0.417662 0.031017 0.056531
1 0.311101 0.409937 0.028918 0.045295
1 0.388293 0.472437 0.039179 0.075492
1 0.105061 0.391327 0.031017 0.038975
1 0.028218 0.41257 0.034981 0.052669
1 0.185984 0.368153 0.02542 0.042486
1 0.160564 0.386236 0.018424 0.037219
1 0.138993 0.383076 0.021922 0.037219
1 0.340368 0.384656 0.021222 0.029846
1 0.36229 0.376404 0.019823 0.032303
1 0.403685 0.40783 0.026119 0.043188
1 0.379314 0.416608 0.02542 0.031952
1 0.562617 0.389747 0.019823 0.046348
1 0.583489 0.382022 0.020522 0.039326
1 0.601912 0.418188 0.02472 0.045646
1 0.634562 0.440836 0.026586 0.049508
1 0.665112 0.404846 0.026119 0.039326
1 0.654384 0.391327 0.01306 0.027037
1 0.644823 0.381496 0.020056 0.036166
1 0.713153 0.501404 0.043843 0.085674
1 0.731343 0.553546 0.058302 0.097261
1 0.712803 0.413624 0.024021 0.050562
1 0.736124 0.441889 0.029618 0.057935
1 0.777285 0.452247 0.03778 0.070225
1 0.830107 0.486833 0.05014 0.073385
1 0.896922 0.513694 0.05084 0.077247