1 0.964552 0.136667 0.01306 0.04
1 0.91931 0.19 0.015858 0.04
1 0.875933 0.191667 0.01306 0.036667
1 0.840485 0.186667 0.014925 0.036667
1 0.861007 0.231667 0.016791 0.043333
1 0.791045 0.195833 0.016791 0.038333
1 0.803638 0.130833 0.012127 0.025
1 0.742071 0.114167 0.012127 0.028333
1 0.714086 0.139167 0.013993 0.038333
1 0.745336 0.15 0.01306 0.033333
1 0.746735 0.1775 0.017724 0.038333
1 0.770056 0.308333 0.01959 0.053333
1 0.714552 0.279167 0.024254 0.058333
1 0.686101 0.103333 0.012127 0.03
1 0.681437 0.158333 0.013993 0.043333
1 0.690299 0.1825 0.014925 0.041667
1 0.715485 0.175833 0.014925 0.035
1 0.658582 0.203333 0.016791 0.046667
1 0.659515 0.254167 0.018657 0.051667
1 0.614739 0.203333 0.018657 0.05
1 0.567631 0.1125 0.010261 0.021667
1 0.613806 0.115833 0.009328 0.025
1 0.559701 0.131667 0.011194 0.026667
1 0.576026 0.15 0.012127 0.033333
1 0.590019 0.1275 0.010261 0.021667
1 0.602612 0.1375 0.009328 0.025
1 0.485541 0.125 0.010261 0.02
1 0.527052 0.139167 0.01306 0.028333
1 0.533582 0.131667 0.011194 0.026667
1 0.434701 0.164167 0.01306 0.031667
1 0.446362 0.195 0.015858 0.033333
1 0.423041 0.215833 0.015858 0.038333
1 0.44916 0.225 0.015858 0.04
1 0.554571 0.241667 0.017724 0.05
1 0.51959 0.215 0.014925 0.043333
1 0.497668 0.170833 0.013993 0.035
1 0.472948 0.204167 0.014925 0.028333
1 0.381996 0.200833 0.012127 0.028333
1 0.428172 0.285833 0.020522 0.055
1 0.303172 0.256667 0.014925 0.036667
1 0.335821 0.2775 0.014925 0.038333
1 0.313899 0.284167 0.017724 0.038333
1 0.598881 0.0975 0.009328 0.021667
1 0.479478 0.325 0.022388 0.053333
1 0.543843 0.301667 0.024254 0.063333
1 0.600746 0.256667 0.024254 0.05
1 0.608209 0.301667 0.027985 0.07
1 0.208022 0.4675 0.04291 0.088333