1 0.209931 0.36 0.040315 0.08
1 0.330383 0.192174 0.015733 0.033043
1 0.328909 0.226957 0.018682 0.036522
1 0.351524 0.208696 0.014749 0.031304
1 0.412488 0.210435 0.012783 0.027826
1 0.420846 0.18087 0.015733 0.034783
1 0.44297 0.15913 0.010816 0.026087
1 0.46411 0.148696 0.009833 0.029565
1 0.471976 0.137391 0.011799 0.027826
1 0.513274 0.121739 0.009833 0.024348
1 0.501967 0.146087 0.010816 0.024348
1 0.552606 0.126957 0.009833 0.024348
1 0.592429 0.121739 0.010816 0.034783
1 0.610619 0.106957 0.011799 0.026087
1 0.60472 0.134783 0.025565 0.043478
1 0.565388 0.151304 0.013766 0.031304
1 0.548181 0.193913 0.016716 0.04
1 0.456244 0.207826 0.021632 0.036522
1 0.487709 0.221739 0.017699 0.033043
1 0.578171 0.23913 0.021632 0.043478
1 0.63176 0.153043 0.012783 0.034783
1 0.641101 0.125217 0.011799 0.024348
1 0.644543 0.113043 0.012783 0.027826
1 0.664208 0.118261 0.00885 0.024348
1 0.686824 0.127826 0.018682 0.029565
1 0.699115 0.133913 0.015733 0.041739
1 0.625369 0.211304 0.021632 0.046957
1 0.519174 0.28087 0.025565 0.050435
1 0.591937 0.315652 0.033432 0.064348
1 0.664208 0.333913 0.036382 0.066087
1 0.636676 0.251304 0.020649 0.04
1 0.657325 0.292174 0.022616 0.034783
1 0.665192 0.228696 0.018682 0.04
1 0.6706 0.182609 0.019666 0.034783
1 0.704031 0.203478 0.019666 0.038261
1 0.70944 0.163478 0.028515 0.055652
1 0.740905 0.18087 0.016716 0.041739
1 0.755654 0.132174 0.016716 0.034783
1 0.766962 0.154783 0.017699 0.038261
1 0.779253 0.143478 0.020649 0.04
1 0.722222 0.246087 0.022616 0.053913
1 0.724189 0.373913 0.034415 0.069565
1 0.819567 0.36087 0.026549 0.046957
1 0.800393 0.28087 0.021632 0.046957
1 0.792035 0.213913 0.018682 0.034783
1 0.798427 0.170435 0.013766 0.038261
1 0.830383 0.182609 0.014749 0.024348
1 0.843658 0.16 0.011799 0.027826
1 0.876598 0.162609 0.016716 0.036522
1 0.913963 0.173043 0.012783 0.033043
1 0.921337 0.174783 0.011799 0.029565
1 0.946411 0.183478 0.010816 0.033043
1 0.844149 0.22087 0.014749 0.034783
1 0.834808 0.306087 0.023599 0.052174
1 0.878073 0.264348 0.023599 0.045217
1 0.882498 0.225217 0.016716 0.033043
1 0.917896 0.248696 0.016716 0.041739
1 0.934612 0.242609 0.016716 0.046957
1 0.951327 0.225217 0.016716 0.04
1 0.927729 0.290435 0.024582 0.041739
1 0.911996 0.341739 0.022616 0.057391
1 0.897247 0.434783 0.028515 0.076522
1 0.86824 0.194783 0.013766 0.034783
1 0.813176 0.198261 0.013766 0.034783
1 0.513766 0.162609 0.012783 0.026087
1 0.533923 0.158261 0.015733 0.027826
1 0.587512 0.173913 0.018682 0.038261
1 0.599803 0.149565 0.015733 0.034783
1 0.509341 0.14 0.011799 0.01913
1 0.524582 0.129565 0.012783 0.029565
1 0.778761 0.189565 0.017699 0.038261
1 0.849066 0.191304 0.018682 0.038261