1 0.078333 0.687778 0.05 0.064444
1 0.175 0.687778 0.036667 0.055556
1 0.248333 0.711111 0.03 0.062222
1 0.296667 0.713333 0.033333 0.062222
1 0.329167 0.606667 0.038333 0.057778
1 0.1275 0.536667 0.038333 0.06
1 0.196667 0.527778 0.036667 0.051111
1 0.236667 0.478889 0.03 0.051111
1 0.256667 0.515556 0.033333 0.053333
1 0.299167 0.536667 0.035 0.06
1 0.3675 0.517778 0.041667 0.044444
1 0.373333 0.568889 0.033333 0.048889
1 0.425 0.562222 0.036667 0.053333
1 0.430833 0.517778 0.031667 0.04
1 0.513333 0.432222 0.036667 0.06
1 0.508333 0.531111 0.033333 0.057778
1 0.5675 0.534444 0.031667 0.051111
1 0.6025 0.526667 0.031667 0.053333
1 0.661667 0.541111 0.036667 0.06
1 0.665 0.486667 0.04 0.048889
1 0.731667 0.522222 0.04 0.062222
1 0.755 0.488889 0.036667 0.062222
1 0.39 0.743333 0.04 0.068889
1 0.43 0.704444 0.04 0.062222
1 0.480833 0.666667 0.035 0.057778
1 0.52 0.63 0.03 0.06
1 0.560833 0.648889 0.038333 0.071111
1 0.639167 0.677778 0.038333 0.057778
1 0.72 0.701111 0.04 0.06
1 0.795833 0.71 0.035 0.064444
1 0.83 0.64 0.033333 0.062222
1 0.9075 0.675556 0.051667 0.08
1 0.950833 0.66 0.045 0.066667