1 0.317959 0.234219 0.015702 0.033223
1 0.351325 0.219269 0.02159 0.039867
1 0.356232 0.261628 0.025515 0.04485
1 0.415604 0.272425 0.024534 0.049834
1 0.407753 0.206811 0.018646 0.034884
1 0.447988 0.254983 0.024534 0.038206
1 0.479392 0.162791 0.016683 0.0299
1 0.493621 0.210133 0.019627 0.038206
1 0.534838 0.206811 0.017664 0.038206
1 0.52895 0.155316 0.02159 0.034884
1 0.567713 0.148671 0.018646 0.034884
1 0.573111 0.183555 0.017664 0.038206
1 0.598135 0.165282 0.024534 0.04485
1 0.574583 0.29485 0.030422 0.054817
1 0.616781 0.259136 0.024534 0.063123
1 0.667812 0.317276 0.032385 0.069767
1 0.663395 0.263289 0.025515 0.048173
1 0.662414 0.225914 0.02159 0.039867
1 0.6737 0.17691 0.018646 0.034884
1 0.715407 0.231728 0.023553 0.048173
1 0.736506 0.259136 0.026497 0.053156
1 0.771835 0.23588 0.026497 0.053156
1 0.740922 0.171927 0.019627 0.038206
1 0.7684 0.17608 0.02159 0.039867
1 0.775761 0.133721 0.020608 0.028239
1 0.78999 0.202658 0.02159 0.043189
1 0.815996 0.284884 0.030422 0.054817
1 0.828754 0.245017 0.024534 0.048173
1 0.840039 0.227575 0.025515 0.039867
1 0.822866 0.183555 0.018646 0.034884
1 0.81894 0.150332 0.012758 0.024917
1 0.866045 0.19103 0.020608 0.039867
1 0.887635 0.249169 0.022571 0.049834
1 0.895976 0.228405 0.02159 0.038206
1 0.89156 0.200166 0.01472 0.031561
1 0.895486 0.133721 0.016683 0.038206
1 0.95682 0.111296 0.015702 0.033223