1 0.116406 0.321934 0.014063 0.03066
1 0.369531 0.382075 0.017188 0.028302
1 0.421875 0.386792 0.021875 0.037736
1 0.478906 0.383255 0.020313 0.035377
1 0.526563 0.372642 0.01875 0.033019
1 0.589844 0.39033 0.020313 0.03066
1 0.657813 0.487028 0.075 0.110849
1 0.642969 0.419811 0.035937 0.051887
1 0.717969 0.647406 0.107813 0.181604
1 0.81875 0.870283 0.175 0.259434
1 0.828125 0.538915 0.05625 0.096698
1 0.783594 0.508255 0.042188 0.073113
1 0.765625 0.454009 0.040625 0.058962
1 0.81875 0.444575 0.03125 0.054245
1 0.8625 0.46816 0.034375 0.063679
1 0.916406 0.621462 0.092188 0.153302
1 0.899219 0.538915 0.073438 0.096698
1 0.917188 0.496462 0.053125 0.087264
1 0.448437 0.450472 0.03125 0.033019
1 0.424219 0.443396 0.026562 0.04717
1 0.40625 0.470519 0.03125 0.054245
1 0.380469 0.435142 0.023438 0.054245
1 0.375 0.489387 0.03125 0.058962
1 0.353906 0.502358 0.042188 0.061321
1 0.310156 0.520047 0.042188 0.073113
1 0.239844 0.507075 0.045312 0.084906
1 0.267188 0.476415 0.03125 0.061321
1 0.18125 0.5625 0.053125 0.096698
1 0.122656 0.597877 0.085938 0.158019
1 0.159375 0.476415 0.034375 0.051887
1 0.189062 0.457547 0.03125 0.066038
1 0.15 0.444575 0.034375 0.044811