1 0.195 0.337838 0.142 0.177177
1 0.27 0.528529 0.032 0.054054
1 0.365 0.484985 0.026 0.051051
1 0.406 0.496997 0.028 0.045045
1 0.384 0.603604 0.036 0.072072
1 0.442 0.621622 0.048 0.09009
1 0.454 0.481982 0.02 0.033033
1 0.481 0.46997 0.022 0.045045
1 0.517 0.459459 0.022 0.036036
1 0.561 0.453453 0.022 0.036036
1 0.533 0.512012 0.034 0.063063
1 0.578 0.563063 0.036 0.063063
1 0.571 0.693694 0.086 0.15015
1 0.819 0.911411 0.138 0.177177
1 0.698 0.596096 0.048 0.081081
1 0.616 0.516517 0.024 0.036036
1 0.689 0.468468 0.026 0.048048
1 0.701 0.498498 0.026 0.042042
1 0.742 0.477477 0.032 0.048048
1 0.788 0.515015 0.044 0.063063
1 0.838 0.487988 0.036 0.051051
1 0.91 0.525526 0.048 0.078078
1 0.925 0.621622 0.074 0.126126
1 0.939 0.484985 0.038 0.063063