1 0.479675 0.535417 0.081301 0.1375
1 0.403794 0.497917 0.070461 0.129167
1 0.113821 0.4 0.065041 0.091667
1 0.079946 0.352083 0.02981 0.045833
1 0.042005 0.39375 0.04607 0.070833
1 0.04878 0.35 0.03252 0.05
1 0.136856 0.341667 0.02439 0.058333
1 0.151762 0.327083 0.0271 0.045833
1 0.165312 0.38125 0.03794 0.070833
1 0.207317 0.383333 0.02981 0.058333
1 0.218157 0.325 0.02981 0.05
1 0.258808 0.327083 0.02439 0.045833
1 0.298103 0.40625 0.04878 0.070833
1 0.336043 0.425 0.04336 0.066667
1 0.283198 0.345833 0.02981 0.05
1 0.336043 0.3125 0.02168 0.041667
1 0.363144 0.320833 0.0271 0.033333
1 0.414634 0.333333 0.03252 0.041667
1 0.430894 0.379167 0.04336 0.058333
1 0.45122 0.3125 0.02981 0.058333
1 0.49187 0.377083 0.03523 0.0625
1 0.51084 0.34375 0.02981 0.045833
1 0.485095 0.31875 0.0271 0.045833
1 0.501355 0.302083 0.02168 0.0375
1 0.531165 0.310417 0.02168 0.0375
1 0.555556 0.30625 0.01626 0.045833
1 0.574526 0.364583 0.03794 0.0625
1 0.612466 0.3625 0.0271 0.05
1 0.609756 0.314583 0.01626 0.0375
1 0.646341 0.310417 0.02439 0.054167
1 0.684282 0.314583 0.01897 0.045833
1 0.707317 0.247917 0.02168 0.029167
1 0.54878 0.458333 0.056911 0.091667
1 0.627371 0.439583 0.04607 0.0875
1 0.693767 0.470833 0.059621 0.1
1 0.760163 0.583333 0.089431 0.175
1 0.834688 0.51875 0.065041 0.120833
1 0.888889 0.439583 0.04878 0.079167
1 0.837398 0.389583 0.03794 0.0625
1 0.789973 0.397917 0.04607 0.079167
1 0.737127 0.35625 0.0271 0.045833
1 0.711382 0.333333 0.02439 0.041667
1 0.792683 0.341667 0.02439 0.05
1 0.761518 0.345833 0.0271 0.05
1 0.836043 0.354167 0.02981 0.05
1 0.865854 0.36875 0.02981 0.054167
1 0.901084 0.364583 0.02439 0.045833
1 0.899729 0.339583 0.02168 0.0375
1 0.96477 0.389583 0.03252 0.0625
1 0.97019 0.341667 0.0271 0.05
1 0.987805 0.36875 0.02439 0.045833
1 0.930894 0.370833 0.02439 0.058333