1 0.211111 0.551042 0.091667 0.058333
1 0.039583 0.534896 0.065278 0.055208
1 0.1125 0.488542 0.044444 0.035417
1 0.147222 0.408854 0.036111 0.038542
1 0.124306 0.411979 0.034722 0.030208
1 0.084028 0.434896 0.023611 0.015625
1 0.056944 0.430208 0.025 0.014583
1 0.027083 0.425 0.023611 0.014583
1 0.222222 0.476042 0.052778 0.029167
1 0.197917 0.440625 0.031944 0.022917
1 0.25625 0.434896 0.026389 0.017708
1 0.281944 0.442708 0.019444 0.01875
1 0.29375 0.466146 0.034722 0.026042
1 0.329167 0.444792 0.033333 0.022917
1 0.324306 0.578646 0.095833 0.065625
1 0.384722 0.495312 0.047222 0.036458
1 0.425694 0.455208 0.031944 0.025
1 0.455556 0.465104 0.027778 0.023958
1 0.514583 0.458854 0.026389 0.028125
1 0.513889 0.510417 0.055556 0.041667
1 0.559722 0.48125 0.041667 0.035417
1 0.554167 0.453125 0.025 0.029167
1 0.588889 0.4625 0.038889 0.03125
1 0.625694 0.454688 0.026389 0.015625
1 0.661806 0.51875 0.065278 0.041667
1 0.647917 0.48125 0.034722 0.029167
1 0.686806 0.463021 0.029167 0.021875
1 0.801389 0.478646 0.038889 0.032292
1 0.7875 0.458854 0.027778 0.021875
1 0.686806 0.45 0.023611 0.014583
1 0.854167 0.470833 0.030556 0.022917
1 0.877083 0.488021 0.034722 0.028125
1 0.948611 0.468229 0.036111 0.028125
1 0.686111 0.35625 0.016667 0.014583