1 0.1025 0.351163 0.078333 0.111628
1 0.1925 0.286047 0.061667 0.083721
1 0.124167 0.159302 0.038333 0.05814
1 0.159167 0.177907 0.028333 0.048837
1 0.079167 0.117442 0.021667 0.034884
1 0.023333 0.132558 0.03 0.055814
1 0.0175 0.069767 0.021667 0.037209
1 0.218333 0.144186 0.023333 0.037209
1 0.2675 0.165116 0.025 0.037209
1 0.301667 0.160465 0.026667 0.04186
1 0.3525 0.155814 0.018333 0.032558
1 0.336667 0.209302 0.026667 0.04186
1 0.383333 0.206977 0.026667 0.037209
1 0.406667 0.184884 0.02 0.025581
1 0.441667 0.196512 0.02 0.039535
1 0.4775 0.198837 0.018333 0.030233
1 0.276667 0.418605 0.08 0.12093
1 0.5025 0.534884 0.085 0.162791
1 0.414167 0.340698 0.028333 0.048837
1 0.516667 0.343023 0.036667 0.062791
1 0.575833 0.35814 0.045 0.074419
1 0.6175 0.459302 0.058333 0.090698
1 0.745833 0.618605 0.121667 0.176744
1 0.8675 0.544186 0.068333 0.12093
1 0.956667 0.39186 0.06 0.081395
1 0.74 0.333721 0.036667 0.05814
1 0.8125 0.201163 0.041667 0.062791
1 0.756667 0.227907 0.026667 0.04186
1 0.683333 0.226744 0.02 0.039535
1 0.669167 0.190698 0.021667 0.027907
1 0.63 0.19186 0.016667 0.025581
1 0.619167 0.224419 0.018333 0.025581
1 0.598333 0.219767 0.023333 0.034884
1 0.5675 0.196512 0.018333 0.025581
1 0.5525 0.188372 0.021667 0.04186
1 0.526667 0.194186 0.016667 0.025581
1 0.526667 0.234884 0.026667 0.046512
1 0.508333 0.25814 0.02 0.04186
1 0.485 0.248837 0.026667 0.04186