1 0.9 0.552308 0.026667 0.052308
1 0.840833 0.601538 0.021667 0.046154
1 0.815833 0.581538 0.021667 0.043077
1 0.7625 0.563077 0.028333 0.055385
1 0.86 0.546154 0.02 0.046154
1 0.931667 0.596923 0.016667 0.043077
1 0.649167 0.555385 0.015 0.027692
1 0.5575 0.556923 0.018333 0.036923
1 0.549167 0.572308 0.015 0.024615
1 0.491667 0.566154 0.013333 0.024615
1 0.47 0.583077 0.01 0.021538
1 0.456667 0.578462 0.01 0.018462
1 0.401667 0.566154 0.01 0.018462
1 0.275833 0.576923 0.021667 0.04
1 0.438333 0.566154 0.01 0.024615
1 0.413333 0.563077 0.01 0.018462
1 0.029167 0.573846 0.015 0.027692
1 0.0775 0.596923 0.015 0.024615
1 0.1 0.589231 0.013333 0.027692
1 0.115833 0.576923 0.011667 0.033846
1 0.128333 0.573846 0.013333 0.027692
1 0.168333 0.58 0.013333 0.027692