1 0.561667 0.34875 0.03 0.0475
1 0.64 0.46 0.043333 0.07
1 0.7425 0.4475 0.045 0.065
1 0.806667 0.5225 0.06 0.105
1 0.844167 0.4675 0.038333 0.075
1 0.898333 0.475 0.053333 0.09
1 0.960833 0.47625 0.051667 0.0875
1 0.975833 0.55375 0.048333 0.1075
1 0.499167 0.51125 0.071667 0.1075
1 0.426667 0.6 0.11 0.165
1 0.3725 0.52375 0.065 0.0975
1 0.375 0.46 0.033333 0.065
1 0.3275 0.47125 0.038333 0.0575
1 0.264167 0.47 0.058333 0.08
1 0.230833 0.49875 0.055 0.0775
1 0.16 0.53125 0.08 0.0975
1 0.155833 0.48125 0.055 0.0725
1 0.1 0.5125 0.053333 0.095
1 0.0525 0.4425 0.048333 0.075
1 0.0225 0.495 0.041667 0.115