1 0.169 0.393393 0.038 0.072072
1 0.214 0.43994 0.084 0.159159
1 0.255 0.393393 0.05 0.09009
1 0.315 0.352853 0.066 0.099099
1 0.348 0.39039 0.064 0.108108
1 0.348 0.509009 0.072 0.123123
1 0.377 0.623123 0.114 0.231231
1 0.418 0.484985 0.092 0.141141
1 0.414 0.397898 0.064 0.087087
1 0.461 0.306306 0.062 0.114114
1 0.49 0.435435 0.072 0.144144
1 0.539 0.408408 0.098 0.192192
1 0.576 0.527027 0.132 0.237237
1 0.509 0.340841 0.062 0.087087
1 0.594 0.333333 0.064 0.102102
1 0.672 0.348348 0.04 0.09009
1 0.726 0.363363 0.104 0.192192
1 0.819 0.321321 0.078 0.15015
1 0.839 0.370871 0.094 0.165165
1 0.856 0.539039 0.116 0.219219
1 0.899 0.351351 0.058 0.12012